-1.178821104005229699e+03
-1.602213159640460844e+03
-1.568397712789594380e+03
-1.442076286343562515e+03
-1.566895258511154907e+03
-1.679191296592789513e+03
-1.591822512903137067e+03
-1.639360725255391799e+03
-1.633187637194465424e+03
-1.617224628310288153e+03
-1.487750508319799110e+03
-1.123098183442100435e+03
-1.128422429183804979e+03
-1.062332377111431015e+03
-1.296677432060967476e+03
-1.256338975910518229e+03
-1.329410530256121092e+03
-1.493067378730657765e+03
-1.354095379930231502e+03
-1.391211075248450015e+03
-1.551677725130812178e+03
-1.557593237354661824e+03
-1.362212268392784154e+03
-1.386249438212035329e+03
-1.546586820521786649e+03
-1.246439240057349934e+03
-1.054082768564318258e+03
-1.077598952568674349e+03
-9.959405062565421076e+02
-8.886785441329654986e+02
-6.295880009238144339e+02
-1.481789707056462248e+03
-1.508535263559925397e+03
-1.573509942640472673e+03
-1.573425766016364150e+03
-1.317822418959014612e+03
-1.359038861973121584e+03
-1.195274167562471348e+03
-1.081775110507915997e+03
-1.349812185314722910e+03
-1.252986360315725278e+03
-1.183503096061701171e+03
-1.245966098824650089e+03
-1.214092827465810615e+03
-1.484025587058710016e+03
-1.082518198417861413e+03
-1.288010034463226475e+03
-1.354929927564586706e+03
-1.207277149903104146e+03
-1.050327086199977657e+03
-1.162528175523801337e+03
-1.083486971927999775e+03
-8.967233841725271759e+02
-9.736491478033249223e+02
-9.784765012589906519e+02
-1.067116489622570953e+03
-9.902037663793852289e+02
-9.851120175720476482e+02
-8.626990130157640806e+02
-8.837622657713842500e+02
-7.503997318560072927e+02
-9.561876938723939929e+02
-7.034699174731393896e+02
-9.462220389962855052e+02
-9.756757240127188879e+02
-1.443020489828334576e+03
-1.258421963276054157e+03
-9.723291761585236372e+02
-2.555614938605375244e+02
-9.720484330611484438e+02
-6.194838267374871066e+02
-1.215203617310364450e+02
-1.305040943067799901e+02
-3.607993365502932193e+02
-2.489294458459987140e+02
-1.269790399876008564e+02
-8.503407509162459519e+02
-1.192534465140861641e+02
-9.788415125594017354e+02
-6.443176320546324405e+02
-1.203385426663083280e+02
-1.127313298106508228e+03
-1.049009943376994443e+03
-1.000483284781737439e+03
-7.124116756108556956e+02
-9.538748279299827573e+02
-6.242702397258199198e+02
-1.259253044436424052e+00
-2.445722229259781955e+02
-3.790345224275391161e+02
-5.148115908081132375e+02
-1.285440143476296555e+02
-4.972635326201476005e+02
-3.775308838213784384e+02
-2.514574489453603405e+02
-6.279430919676896110e+02
-2.531836549134098391e+02
-4.876737858191918917e+02
-2.478720250368668587e+02
-3.511607603926178989e+00
-6.556414887456082852e+02
-6.265914350322111659e+02
-1.079954620443909562e+03
-8.662365404708421011e+02
-1.053329443692748100e+03
-6.192992264273169667e+02
-9.573916220765430580e+02
-8.755672858623538559e+02
-8.341636828273208266e+02
-7.626864164131482084e+02
-4.053011833403452613e+00
-5.792361708110671543e+02
-2.432149462976204290e+02
-3.722177453863340020e+02
-4.107734625030317055e+00
-1.263102764152283157e+02
-3.443135936783441480e+02
-2.601623021047967654e+02
-5.784101047868284695e+02
-4.035522364480209845e+00
-3.443790097403570893e+00
-1.303325103198303623e+02
-1.263492948122941044e+02
-3.533129817454868089e+02
-1.309849649292877132e+02
-7.269297714394293735e+02
-1.256589809448585981e+02
-6.975848616561488598e+02
-2.358928207003822877e+02
-3.387441148505886304e+02
-1.079781967544729014e+03
-3.469288093821898542e+02
-2.389491420431197639e+02
-1.287731255214377200e+02
-1.033063008006946347e+03
-1.164225512261798201e+02
-4.577250656265455291e+02
-3.267156089478506331e+00
-2.327330500695292699e+02
-1.215656421250371523e+03
-7.237619749301925367e+02
-5.471369098532097723e+02
-2.956601410049952250e+00
-1.250966308133015161e+02
-1.055635869573399532e+03
-1.224422828562699550e+02
-7.759411582124928373e+02
-1.065350500463074695e+03
-3.386158178973504391e+02
-2.429726704882703245e+02
-1.218933057722667996e+02
-2.462431818776520913e+02
-3.230767871059700838e+02
-1.801090038232110890e+00
-2.254583479242877502e+02
-1.152467130362649641e+03
-1.174018887898827188e+02
-3.413459596905230455e+02
-1.217092424281731979e+02
-1.222178642816696481e+02
-3.642920333375840869e+02
-1.049481062600853647e+03
-1.099061120203485643e+03
-1.053372209727722066e+03
-1.294214647981885946e+02
-3.303597330968973012e+00
-1.262917867420761553e+02
-3.280189072928320293e+00
-3.558234031196966498e+02
-9.096941822244060631e+02
-1.010138467886303033e+03
-1.288228787124004384e+02
-3.623034683782312868e+02
-1.301577755219531696e+02
-2.379589200377458269e+02
-4.671800769364868984e+02
-2.507561030374435234e+02
-1.293030806067759784e+02
-1.143262092811252160e+03
-3.776062984174866983e+02
-4.863498400192533495e+02
-6.011811783794546500e+02
-4.951078511834840015e+02
-3.683475979037099250e+02
-1.259792120875082873e+02
-1.301482990438070999e+02
-3.616561335495314893e+02
-4.936954059757027835e+00
-4.985512111169941818e+02
-5.430960790551259798e+00
-5.904078209406225142e+02
-3.714679200093806344e+02
-2.536853576310839742e+02
-3.586195716099920787e+02
-2.409435293005962535e+02
-3.646812496915219981e+02
-3.444916902094540205e+02
-3.524091089365343805e+02
-3.611089729306705181e+02
-2.370151721934430782e+02
-1.300856094593322041e+02
-2.352588302669818177e+02
-2.494464953711986084e+02
-3.372891894824042538e+02
-3.640522303201269096e+02
-1.287367831419174706e+02
-4.691657749516672915e+00
-4.987229477825247059e+00
-1.251344411808697998e+02
-4.569242529141936870e+02
-3.727622077643318335e+02
-2.534996332583305900e+02
-3.792109969622731569e+02
-5.116652154181368317e+00
-5.325645058886257388e+00
-3.648774966602094310e+02
-2.601180644353582352e+02
-2.401545007353232108e+02
-3.579804234292005276e+02
-2.422874770003541016e+02
-1.313584820575805168e+02
-3.647342607028797374e+02
-8.433200469652000493e+02
-1.291092304875151626e+02
-1.289832997622612254e+02
-1.271398413884647169e+02
-1.308894429536039468e+02
-1.239241997194948368e+02
-5.770498573473711303e+02
-2.344784808093386062e+02
-2.313723487059673118e+02
-1.297130954068053370e+02
-8.866261172441998042e+02
-4.704040983892202803e+02
-2.381922555060500599e+02
-4.911170106625460718e+00
-1.218119462415152441e+02
-3.567699886075523068e+02
-6.151360416019086870e+02
-1.258739635973597899e+02
-1.215307033068898619e+02
-1.251636951436260148e+02
-1.265176327598751982e+02
-1.246365911864866405e+02
-5.342750630515925359e+00
-2.358700774685498800e+02
-2.428775589544948446e+02
-1.223152726896736766e+02
-4.524476501200620646e+02
-5.967798293622074652e+02
-4.525819497887392018e+00
-2.352548240151418497e+02
-1.046357907120011760e+03
-1.250784393858942423e+02
-2.494200002700789014e+02
-1.315809029922476725e+02
-7.684593048164670108e+02
-8.943876315685162126e+02
-1.179878695988000032e+02
-1.287238864698661871e+02
-6.587972196660705322e+02
-1.374456778909594732e+03
-3.477575114010349466e+00
-1.379326031616954424e+03
-4.688017891363098784e+02
-1.232533739798853532e+02
-5.355535231676419095e+00
-1.285600354160402958e+03
-5.900087498156538004e+02
-2.433483023449765597e+02
-1.189581819702812311e+02
-2.426612981788353807e+02
-1.293644772052301448e+02
-2.410216274390112119e+02
-3.938590879909424913e+00
-1.281697533708985475e+02
-4.918159351114944116e+02
-3.370309861539584517e+02
-3.399661692248474765e+02
-3.674547324871526257e+02
-1.235149557106102520e+03
-3.446339770404645719e+02
-1.270079870215001563e+02
-4.927092003717841067e+02
-2.482726594342970543e+02
-3.771245282179726814e+02
-1.274295571276321084e+02
-4.575782162287094224e+00
-4.059714814626110169e+00
-7.232158346692133364e+02
-3.672971987277690005e+02
-2.293992223902494629e+02
-4.691046208976381422e+02
-2.797228106784357404e+00
-5.042098072798261228e+02
-7.934096675425375906e+02
-1.307800659905080352e+02
-1.230393673208035068e+02
-1.209354184911168062e+02
-3.635279484091526001e+02
-5.157549659108257174e+02
-2.551556680785094784e+02
-5.023611358449298905e+02
-5.099856523840172713e+02
-2.489703706328441228e+02
-3.907258897344960928e+02
-3.724182141367927557e+02
-1.173603960870906064e+02
-2.337913786565708278e+02
-3.588388397798222496e+00
-3.564906593668337109e+02
-3.555756376208527740e+02
-3.519271944962191583e+02
-1.240805949898794438e+02
-3.456279373628207736e+02
-1.265929981264274176e+02
-2.369573231625912797e+02
-2.479973113335209121e+02
-9.068603689911783476e+02
-5.222833016614414419e+02
-1.281728017422097423e+02
-1.224548224705079633e+02
-2.362861220907152244e+02
-3.461984421345364353e+02
-1.232657489344305333e+02
-1.222437686940800745e+02
-1.251324169373071413e+02
-1.296428037466008618e+02
-3.936973642672473943e+02
-2.339925824650898392e+02
-2.377476300789238621e+02
-2.365292406394243585e+02
-2.475049614076723969e+02
-3.543744593562651630e+02
-4.579265337663705964e+02
-3.947544014021751924e+00
-1.264460066422678324e+02
-6.358267361918241249e+02
-2.311563111611839361e+02
-1.286247293163515337e+02
-3.302724961257468976e+02
-6.166416126549374894e+02
-3.342680934097544743e+00
-1.243376812135551006e+02
-1.280848603935904748e+02
-4.954601063371857776e+02
-2.869396100292517016e+00
-2.372447096657375596e+02
-1.195608891031894103e+02
-4.834832650431301317e+02
-2.427043874699015475e+02
-3.782751294155069832e+00
-4.151946521838705273e+00
-1.299432039627293705e+02
-3.885135112469835690e+02
-1.284282859360569660e+02
-1.174906932666928583e+02
-1.292413233981874328e+02
-1.221764394579883515e+02
-1.239095744206940992e+02
-3.880595376710579192e+00
-1.297726988574000870e+02
-5.735036232202214705e+02
-3.514923606326228196e+02
-1.229375576830229022e+02
-1.291062661414551371e+02
-3.504172460219971974e+00
-2.334092576225764617e+02
-1.213307340173217739e+02
-3.027440316851199409e+00
-3.196735584094843041e+00
-4.962015245074487879e+00
-1.238050641248575658e+02
-1.030364566645909235e+03
-7.893226862975639051e+02
-4.565860402890024830e+02
-3.564087464929768885e+02
-4.615724457897623552e+02
-3.205179204089412792e+02
-1.284341158520134911e+02
-1.228786124218355411e+02
-4.369573174882881972e+02
-5.250298987062551532e+02
-1.251655257885930439e+02
-1.261554701355654373e+02
-2.337972208840772055e+02
-1.250916693004666342e+02
-1.222893578775294117e+02
-3.335275110070624578e+02
-1.821669421555400126e+00
-1.192501000988167306e+02
-1.244374945972989508e+02
-2.384630168039943783e+02
-2.201253906648375835e+00
-1.187771303235406180e+02
-1.251567307601876564e+02
-2.461118555805139749e+02
-1.203294473933779898e+02
-3.683804904619812532e+02
-3.424147228628698372e+02
-1.204581924552715577e+02
-2.346692331623750079e+02
-1.286841542593203371e+02
-2.351997201640741366e+02
-1.295131727795318568e+02
-2.394854283229790894e+02
-2.357645231100639762e+02
-1.235291045569552892e+02
-3.468705921189243213e+02
-3.363328677634128212e+02
-4.077482451906257097e+02
-4.063068739920490202e+02
-1.154691061885800991e+02
-1.254869433442397622e+02
-1.257626154596971020e+02
-3.798772429426350641e+02
-1.229412703587124724e+02
-1.968942595885087243e+00
-2.372011599033129130e+02
-2.316803541370596236e+02
-1.154683694812903383e+02
-1.281779211195933215e+02
-6.260628586225864183e+02
-1.174027761221431092e+02
-2.411252798622112152e+02
-1.227296898609888842e+02
-1.220125530893245980e+02
-3.488872443042776013e+02
-1.265326109753690105e+02
-1.178178281486509320e+02
-2.272400725846071907e+02
-1.203776773261515700e+02
-1.229666329935764253e+02
-1.218757911960863680e+02
-1.173519528862749723e+02
-2.410262330502339978e+02
-1.212801731530593452e+00
-2.358331161960466034e+02
-1.245018498000550409e+02
-1.262019796625395429e+02
-3.519651206197802935e+02
-1.898231038383491498e+00
-2.319663993097801438e+02
-1.888905163516029884e+00
-1.224457119337902782e+02
-1.231794598428269865e+02
-2.428847100255499356e+02
-1.240974689732843075e+02
-7.783182550209911597e+02
-3.531732602308307492e+02
-1.787745036293064471e+00
-1.241513915439286242e+00
-1.383576589730224349e+00
-8.058489831226275379e-01
-2.548515601680929876e+02
-1.272412140616628022e+02
-2.258678122159114707e+02
-1.199041010388756803e+02
-4.088713603951395612e+02
-1.242586919474662608e+02
-1.241654138632286930e+02
-1.249306358922979143e+02
-3.573276209946403128e+02
-3.561530211592659612e+02
-7.221547523767971599e-01
-5.207800264715281173e+02
-2.361523410842680732e+02
-9.783401206649442656e+02
-3.419220453222632159e+02
-1.235595522450267651e+02
-1.271105034183080988e+02
-1.194616069532357869e+02
-1.238181935798201607e+02
-1.243034521255725764e+02
-2.772600669788282790e+00
-1.244549337493526480e+02
-3.459582712967860516e+02
-1.180766710353133675e+02
-1.278054445848393783e+02
-1.205264811525249939e+02
-1.252783453970721297e+02
-1.230715360778718832e+02
-2.368880171203886107e+02
-1.194842936280591204e+02
-1.162636175345700877e+02
-1.281252523801193774e+02
-1.199649920050592158e+02
-2.283182843098070123e+02
-1.284276246928753267e+02
-3.364716072247893521e+02
-8.612942129729962426e-01
-2.251021866077203697e+02
-3.595796873949012706e+02
-2.330593854294669143e+02
-1.192301360991396706e+02
-1.235329917546944927e+02
-2.336012120879485678e+02
-2.316073785763088324e+02
-1.262116131623344586e+02
-3.485789298918540453e+02
-2.454022107549961902e+02
-2.450042227537692270e+02
-2.383204733992399440e+02
-8.431962075543324442e-01
-1.153716580004478800e+02
-1.227300405548126463e+02
-1.229812381918094388e+02
-7.618514918287425663e-01
-3.493555046796123520e+02
-1.689481675211221168e+00
-1.153850600445894088e+02
-2.371146468250502153e+02
-2.455111102879992586e+02
-9.834792861175203349e-01
-1.171239776615206836e+02
-2.412049354940016599e+02
-1.195825064446012931e+02
-1.234290488874107581e+02
-1.170000510617958724e+02
-1.197332379763638812e+02
-1.281727653447154296e+02
-1.175406281548820573e+02
-3.056951692570537560e+00
-3.448905744951356382e+02
-2.205214890313001774e+02
-2.385637875591655472e+02
-1.261736472068406414e+02
-1.202737053150990931e+02
-1.194952551699865637e+02
-5.085178106207089854e+02
-2.356205726980341240e+02
-2.622810180368477404e+02
-3.618518647725916253e+02
-9.474439348564958063e-01
-1.558280615658273360e+00
-1.293499376914139020e+03
-1.179020586081845607e+02
-1.247771654417084264e+00
-3.584948249000618716e+02
-3.403732918360165058e+02
-5.081417813950894242e+02
-1.545705904370367989e+03
-1.166854545918180008e+02
-1.540047155106542050e+03
-1.509955026002946397e+03
-3.542714552737980398e+02
-1.538794124350583388e+03
-1.256666961937947917e+02
-2.324211594975347737e+02
-3.811678829196911238e+02
-9.454138062590184965e-01
-5.962928752433412001e+02
-1.263011167951302269e+02
-3.660114961736036889e+02
-1.243819249092029793e+02
-2.354117738594454181e+02
-3.272601625261216896e+00
-2.359041260800729845e+02
-3.547950167316873831e+02
-2.422752192618536071e+02
-1.174421237932809277e+02
-3.591455925454223461e+02
-1.258310663350301155e+02
-3.523696206409959473e+02
-1.690759215070177124e+00
-2.489729478912206844e+02
-1.208031459963615362e+02
-2.275347099888685136e+02
-2.349307566561178930e+02
-1.349754291312158738e+00
-2.489789633207136887e+02
-1.222544488291005678e+02
-4.564366440413700730e+02
-1.194156217174876815e+02
-4.142306284681108082e+02
-1.179617997237483280e+02
-2.335129063507806109e+02
-4.689945126345688209e+02
-2.502041612683389928e+02
-1.216303439477858888e+02
-3.513613001810336982e+02
-3.463446122840746284e+02
-2.376826977558404792e+02
-1.176734040395165266e+02
-1.232689436020153977e+02
-2.495893991210234901e+02
-5.828351649604221620e+02
-3.701455234973797133e+02
-2.517991579140742147e+02
-2.293572879467682810e+02
-2.372990176029248630e+02
-2.258904670016719933e+02
-2.403317467796596532e+02
-1.190299228185257334e+02
-1.649663945907592799e+00
-4.753179674231070635e+02
-1.201636096817779134e+02
-1.149177616554681833e+02
-2.447878115280116447e+02
-2.348669170111712674e+02
-1.173074125142507427e+02
-2.485433792279959277e+02
-4.555035832832449501e+02
-4.397075628320404803e+02
-2.454729902255268144e+02
-1.021866935745450400e+00
-2.386738632928021104e+02
-1.263379841630243163e+02
-1.582071280547687531e+00
-1.157322103033620238e+02
-4.737697144090332131e+02
-1.277740121284818144e+02
-3.441051742213799116e+02
-1.199682494953114826e+02
-2.414767982993149928e+02
-1.184571811589799637e+02
-4.506991859218220497e+02
-2.237189758332656027e+02
-1.190476110687599345e+02
-1.626351568412618690e+03
-1.249406391037537105e+02
-1.225425115787680284e+02
-1.209239028057827454e+02
-1.215206101127720046e+02
-1.264461330073279441e+02
-4.401863013160319156e+02
-1.193092453715849928e+02
-3.504359562271717436e+02
-1.233118166957008270e+02
-2.334891050500602603e+02
-1.258237114150611120e+02
-4.498726818431462675e+02
-1.273574385168023895e+02
-1.257512714558082507e+02
-2.269581154653029387e+02
-3.387031335341067120e+02
-1.250046615756595685e+02
-1.208459508062240104e+02
-2.400200481021293228e+02
-1.156664988157155847e+02
-1.200758783205507001e+02
-1.166360702408147176e+02
-1.224235110652775376e+02
-2.411774699117134162e+02
-1.214574349922647372e+02
-1.247041526864447718e+02
-1.176635430900552421e+02
-1.285912329501174156e+02
-2.508337937594725418e+02
-1.251908959183430170e+02
-2.317628744328640664e+02
-2.375465181529945653e+02
-2.319829308108413670e+02
-1.235659765950481699e+02
-1.263425944847850388e+02
-1.192496609640452476e+02
-5.368140962063778261e+02
-3.691209438316735714e+02
-2.307969888012484603e+02
-1.305629996831169422e+02
-2.500234840692457112e+02
-1.225479435447911385e+02
-6.190964723235060774e+02
-2.292753410993945238e+02
-3.543967816073625841e+02
-1.212352443275439526e+02
-1.235994911498504791e+02
-2.594441923622655395e+02
-1.232604763337049008e+02
-1.230335091086455037e+02
-1.213453176709058141e+02
-2.377630361120757527e+02
-2.238513918657637021e+02
-3.667758307304086429e+02
-5.179184575636169257e+02
-1.249718020736805641e+02
-1.199314128164771773e+02
-3.733568203997172077e+02
-1.174686306553085160e+02
-3.656261200237436242e+02
-1.253086975871294442e+02
-2.246831497555989472e+02
-2.417340579369206068e+02
-1.170695568560596200e+02
-1.196955175784880225e+02
-6.246884849929082293e+02
-1.170880012815002686e+02
-6.541244832087946861e+02
-1.271372000889479068e+02
-6.684514573291643273e+02
-3.325793235182085255e+02
-2.252029278049343475e+02
-8.583843858672941529e-01
-1.213894639655094210e+02
-3.110272281641514951e+02
-1.192450446030792506e+02
-1.159153604867772316e+02
-2.267652904264867573e+02
-1.235052982519404310e+02
-1.206023166343751427e+02
-3.452704125921778768e+02
-1.241399586468221941e+02
-2.217879083364343842e+02
-2.354831969753380747e+02
-8.672108452204395634e-01
-2.264157344598304178e+02
-2.455914450725497886e+02
-1.248540334841204071e+02
-3.335819153638037733e+02
-3.423899294616030602e+02
-1.192156524916326958e+02
-1.238319953993173925e+02
-1.266818034745794677e+02
-3.468832779932522499e+02
-4.142211586940114785e+02
-2.301122693537881219e+02
-1.205815163821610838e+02
-2.358693696373156001e+02
-2.336028331017405719e+02
-3.281220700590051251e+02
-3.346434048648695807e+02
-4.858866421375136611e+02
-1.155809492967490684e+02
-1.288641639177456284e+02
-1.238781991217072544e+02
-1.246028171982404018e+02
-1.201565006043233694e+02
-1.221552116920231157e+02
-1.174355585214575797e+02
-1.218521556814420848e+02
-3.492140191267160390e+02
-4.009151804530783920e+02
-2.572951262540182711e+02
-1.265075947729382762e+02
-5.892040438502004918e+02
-2.395262680499002386e+02
-1.229618146325139207e+02
-3.307298046939032474e+02
-3.502951675632778574e+02
-6.626485103924750319e+02
-2.281876049684656209e+02
-1.261945948817366991e+00
-4.703702734326805626e+02
-2.631928013697637425e+02
-1.214958456449665363e+02
-2.315580988188773404e+02
-1.249320198468800669e+02
-3.807888515223918944e+02
-9.753024999616531909e-01
-1.173736019856822139e+02
-1.179584706118288437e+02
-4.491568704628849105e+02
-2.445044554230167080e+02
-2.432505025708618689e+02
-1.204881266570034910e+02
-1.282062194492272340e+02
-5.195048667374456954e+02
-1.146055596106550212e+02
-1.180692753696269648e+02
-2.255866248419866054e+02
-1.210628092595781879e+02
-1.281472409211188221e+02
-1.279376373612251143e+02
-1.219824069666689326e+02
-1.174918516104625041e+02
-1.208540951770253713e+02
-7.982718236388193418e+02
-3.461490973293375077e+02
-1.255144753541981686e+02
-2.443107485045111957e+02
-1.233832432068509632e+02
-1.174309338079364551e+02
-1.285745582347202571e+02
-3.615196610906309047e+02
-1.229710785555049029e+02
-3.438230640449932025e+02
-2.287783958248658109e+02
-3.505155318896686367e+02
-1.226514952324259298e+02
-1.264853236714440214e+02
-2.312099363386712412e+02
-1.263467294544488908e+02
-1.185898150640956175e+02
-3.718431828602740552e+02
-2.418707225058695371e+02
-1.252132030278995387e+02
-1.188742466815898382e+02
-2.509606183385609768e+02
-2.286054848299847606e+02
-9.284880794100314194e-01
-1.257934138332095273e+02
-2.248499503133286908e+02
-3.868236730968122288e+02
-1.170504875535095266e+02
-1.155320732752381474e+02
-2.364238419352655853e+02
-1.192840728601503457e+02
-2.328066906990421501e+02
-1.244680469426966880e+02
-1.208893317662964932e+02
-2.036081127026295512e+00
-1.169112030106041686e+02
-4.596565922180789130e+02
-1.198261888978079099e+02
-1.195027320139423495e+02
-2.380983078735468155e+02
-1.226694628867199270e+02
-1.203356912079437109e+02
-1.229826835236494702e+02
-2.366592819618798273e+02
-3.505967898328611341e+02
-1.195618438196217284e+02
-2.266901617410788674e+02
-1.180602689966298300e+02
-2.257581812301630908e+00
-2.396046759134668491e+02
-3.372925424778238721e+02
-1.259820336625619035e+02
-3.476776974870905974e+02
-2.297534570693855756e+02
-1.291061632187831947e+02
-3.483156280613630429e+02
-3.189638349981105421e+02
-2.344978028799478693e+02
-2.342543554049964598e+02
-2.397131131724112265e+02
-1.268449836581348364e+02
-4.098008116743727101e+02
-1.283343227718966091e+02
-4.630360200303511533e+02
-1.218799928046131527e+02
-1.248002421139768074e+02
-2.310383629012408164e+02
-2.239632505610866797e+00
-3.403885134925996567e+02
-1.276778720768901252e+02
-3.463162946618617752e+02
-1.193290290045597288e+02
-1.154961950261135541e+02
-1.197060546249544473e+02
-1.180888137982147725e+02
-3.762187231964783223e+02
-1.274762574717407091e+02
-1.256358436179364872e+02
-3.656476734011618532e+02
-2.476116939549223730e+02
-2.371970629876104226e+02
-3.401846577373705145e+02
-1.220681942538360687e+02
-3.563910730138000531e+02
-1.229406881214704299e+02
-1.226170575455731893e+02
-5.102976197724062786e+02
-2.633391890513042313e+02
-1.254049195507082857e+02
-1.271060654898592617e+02
-1.221156246736604629e+02
-1.288484197304075280e+02
-4.475327971386697072e+02
-2.217152217178719020e+00
-1.260531025496118360e+02
-2.315990714301804871e+02
-1.761815684556840456e+00
-1.234714979841563007e+02
-1.207455090085605605e+02
-2.352643105952656981e+02
-1.188581627265281782e+02
-2.361242299239738429e+02
-1.207439107520214634e+02
-2.818711497010480738e+00
-2.318011467176364135e+02
-1.242410195725389599e+02
-1.287509003933643612e+02
-1.225598549556308257e+02
-1.182861858140162923e+02
-1.285109272527618884e+02
-1.221651880676916591e+02
-1.653571956488140371e+00
-2.391754151636019969e+02
-2.265140859457440037e+00
-3.313944432018801081e+02
-1.270650195547498669e+02
-1.158102903183557402e+02
-3.523623488431166493e+02
-2.341429004867883918e+02
-1.243478934997394703e+02
-1.182626259665677821e+02
-2.475252816596972050e+00
-3.543135136025460383e+02
-2.405934096714227906e+02
-1.209231091119672357e+02
-1.245217178029297571e+02
-3.114229428874774719e+00
-3.444935484958791676e+02
-1.264926665576943492e+02
-4.227936002475236705e+02
-2.407927897513918367e+02
-1.252541531144038771e+02
-1.202953902131904869e+02
-1.199522574647501898e+02
-2.335459974027933185e+02
-1.191925179270067616e+02
-1.181193372282951373e+02
-3.556417958499495739e+02
-1.177023417301347052e+02
-1.657659666120266273e+00
-1.218527694818450016e+02
-2.380602893106793072e+00
-1.282014074440408820e+02
-2.345773237624748901e+02
-2.272054955303974850e+02
-2.461325385551638192e+02
-1.192245711039914369e+02
-1.181419362904143355e+02
-3.446769313233898568e+00
-3.680679505950379280e+02
-8.550303089697298446e+02
-1.248283335626392017e+02
-2.453748156207918214e+02
-1.238559112689133883e+02
-1.252399283556920437e+02
-3.516590265735752610e+02
-3.621549833096103157e+02
-1.710750892320854089e+00
-1.297982430286830891e+02
-1.160412845416110343e+02
-2.607101008436576421e+02
-2.268855344237377381e+02
-1.267100284947074584e+02
-2.469204497875280957e+00
-1.184202685432147604e+02
-1.255215039164590536e+02
-1.190602103843459219e+02
-1.216131704336005015e+02
-2.330944401276973394e+02
-3.807119774529767824e+02
-1.837863948894071342e+00
-2.347356011781994312e+02
-3.351401962913459442e+02
-2.361680581178273712e+02
-1.209599166317948402e+02
-1.255935785177006352e+02
-2.394103727403168307e+02
-4.329147905039322950e+02
-2.299502267447437589e+02
-2.396166595789477469e+02
-3.151709778236226889e+00
-3.089573533738656952e+00
-2.313848577161245714e+02
-2.947993014704694215e+00
-1.218344451612493202e+02
-3.356090192135394545e+02
-3.409277460320315640e+02
-2.299678957063778455e+02
-1.230170727531567110e+02
-2.984988485774304756e+00
-2.408181705342205419e+02
-3.231059604238025962e+00
-1.203072099310419389e+02
-3.471877284955036203e+02
-1.256952805441318333e+02
-2.587698120001500683e+02
-1.977747342522045759e+00
-1.261489804929409217e+02
-1.218983138336699596e+02
-1.259078665727951289e+02
-2.475918867336720552e+02
-1.208297959096697980e+02
-3.531739247057316220e+02
-1.209128311922464576e+02
-1.172577391505776490e+02
-2.364225367216832012e+02
-1.292060186752618733e+02
-1.176159505634998084e+02
-1.266008013987012788e+02
-1.223288417822800795e+02
-1.280275109315625173e+02
-1.573346501845902301e+00
-3.494493409819529006e+02
-1.484539774811255874e+00
-1.258196364567811116e+02
-1.278543222256987804e+02
-1.158395969724645624e+02
-2.412949731386203780e+02
-1.243846149111090398e+02
-2.405956771397099203e+02
-1.304848731870046095e+02
-1.159554145807925352e+02
-2.571675380869718310e+02
-3.513844665271056442e+02
-3.569078945140444716e+02
-1.244028833910436163e+02
-1.238350161678353487e+02
-1.230891344436992512e+02
-2.382885162930866159e+02
-1.218931085653972275e+02
-1.157003133671772446e+02
-1.399417994724464931e+00
-1.257231271536325181e+02
-1.222505849886080966e+02
