-1.232609337964396218e+03,-1.381416940563684875e+03,-1.722564114081576463e+03
-1.293222071945157495e+03,-1.155003843670075412e+03,-1.516182812772342913e+03
-8.880272945080056388e+02,-1.225183109199158480e+03,-1.668357114586134230e+03
-1.463126063496396910e+03,-1.497176310775787215e+03,-1.096943114608645601e+03
-1.320100663975039652e+03,-1.352883562730294670e+03,-1.143819042510312556e+03
-1.079382704321024221e+03,-1.276968609973140929e+03,-1.337690254580553074e+03
-1.352078217864079306e+03,-1.486325688720880862e+03,-1.301579001214947311e+03
-1.609290536466445474e+03,-1.402711870839442099e+03,-1.176054981643361316e+03
-1.176834490079116222e+03,-1.215929645168368097e+03,-1.388751723039649960e+03
-1.613908795332557474e+03,-1.628442358411370151e+03,-1.660823351108429733e+03
-1.226273400748928907e+03,-1.587127832126063367e+03,-8.803096257255634782e+02
-1.766410234926335306e+03,-1.605446004602923040e+03,-1.474308893286645116e+03
-1.338043181681691294e+03,-1.475546520599563337e+03,-1.549199068270609587e+03
-9.084213243252742132e+02,-1.308508310719629890e+03,-1.549223742440092110e+03
-9.025755802821679481e+02,-1.397391547610331372e+03,-1.516640881383083070e+03
-8.687830687402894227e+02,-1.084977194865094134e+03,-1.114640430836584073e+03
-1.437398046042616215e+03,-1.229729398363275322e+03,-1.196986984315959717e+03
-1.105268842238354864e+03,-1.367532578603287448e+03,-9.627535600078630296e+02
-8.888071376462927446e+02,-1.005219724361664589e+03,-1.021680103471881921e+03
-9.118055845769890766e+02,-1.093709438699149814e+03,-1.212643876737542087e+03
-8.875456782740534436e+02,-8.124937594777115919e+02,-1.546238088825921523e+03
-1.186552775815694304e+03,-1.533246457879515447e+03,-1.063431156455684913e+03
-1.157582126328676623e+03,-7.544830214634071126e+02,-9.667115893569003902e+02
-1.389878689782675792e+03,-1.135717239436157115e+03,-1.429577460295137826e+03
-1.473081353950555467e+03,-1.083688552452701288e+03,-1.239349489247192651e+03
-1.103776669962370988e+03,-1.200418365208143086e+03,-1.417622697711328101e+03
-1.079032735258584353e+03,-8.730136094151780526e+02,-1.135982471671165285e+03
-9.307513149994499599e+02,-9.249326224397809710e+02,-1.339004768819653918e+03
-1.033857139490723284e+03,-1.083004282894389007e+03,-1.061775853937292140e+03
-1.041143968788130223e+03,-1.079716166088854152e+03,-9.896530026704263037e+02
-1.055787189186220530e+03,-1.045252312972542086e+03,-1.198019316571691434e+03
-1.042385604074885123e+03,-9.765620579494478761e+02,-1.025986500404811295e+03
-9.199933792617316612e+02,-9.139858286738008246e+02,-9.733605958748256626e+02
-1.023774806620127151e+03,-9.282643387429828863e+02,-9.036253373540777147e+02
-1.061575367021151351e+03,-7.297824803827460300e+02,-8.134908775186117964e+02
-1.346960629366096100e+03,-9.217459041317735000e+02,-7.783914864855170208e+02
-1.498349419215619037e+03,-1.106291883073304916e+03,-7.674081950462691566e+02
-1.107201181058479278e+03,-1.107699871340088066e+03,-9.069625712811188123e+02
-1.074392002698923079e+03,-7.774786378768320674e+02,-8.290859438317960439e+02
-1.130262132297537846e+03,-9.856131880158862941e+02,-7.675670754989804436e+02
-1.230124441193440362e+03,-1.009402169028799335e+03,-1.169756744853640612e+03
-1.058045866193093161e+03,-9.252861997913657888e+02,-7.771796230692558538e+02
-1.097045725276001804e+03,-7.747322373677885707e+02,-7.811155024470361923e+02
-1.542804916894614962e+03,-9.190214527258749513e+02,-9.765374623381319452e+02
-1.045422823457309732e+03,-8.881914298313864720e+02,-9.362701803474743656e+02
-1.170381228988832390e+03,-8.712568222767318957e+02,-7.756546343002178219e+02
-1.282535320826013731e+03,-9.375830046879681277e+02,-7.853359982554967473e+02
-1.111060825662565549e+03,-8.061476423614898295e+02,-6.496010649142002649e+02
-1.036822939892024351e+03,-7.891855862718485923e+02,-7.797284766537026144e+02
-1.139159443615357986e+03,-9.288658208867012718e+02,-7.836881553813600476e+02
-1.053963787605007838e+03,-9.594871644090835616e+02,-5.274993163986108584e+02
-9.212794710500623978e+02,-7.773351469547429815e+02,-7.956742838506465887e+02
-1.337420936692865780e+03,-7.766174566844132414e+02,-6.535735198510195687e+02
-1.506241895252399217e+03,-8.643074428316243711e+02,-8.092618769798133371e+02
-1.465298385717493375e+03,-6.715913373717054355e+02,-7.084295663049272207e+02
-9.167799945906156154e+02,-7.880202887875052511e+02,-4.019352455929520147e+02
-1.092259833591388087e+03,-7.779278690223226249e+02,-6.743105217057061509e+02
-1.124987762358038935e+03,-7.813737523096177711e+02,-1.372352626284632890e+02
-1.406643041938036276e+03,-8.592143113988300911e+02,-6.514121871749761112e+02
-8.774455815897105140e+02,-7.912064915576563635e+02,-7.598660223515415737e+02
-1.233691602437298570e+03,-5.493746558657428523e+02,-1.049935816445984301e+03
-8.708916518224020820e+02,-8.033287782384936691e+02,-8.256545684906128599e+02
-8.865807255522763626e+02,-6.679411564142802717e+02,-5.413109695661164551e+02
-1.113988221438543860e+03,-8.457134404435855686e+02,-8.009164514265207799e+02
-1.098641772309529188e+03,-7.346592131245329256e+02,-5.335851436479794074e+02
-9.973585000280351096e+02,-4.150525332956653983e+02,-7.961109073838939594e+02
-9.902263770828279803e+02,-5.263045439794776712e+02,-5.313608278268178537e+02
-1.193992623438029341e+03,-2.635214482957396740e+02,-6.506236812694958189e+02
-8.411313988423110004e+02,-6.666741410918485826e+02,-7.459955323397723532e+02
-8.582835699142465273e+02,-6.379078990603874217e+02,-1.239429255971459042e+03
-1.073371158918063202e+03,-5.309325940932824324e+02,-5.604044791710065283e+02
-9.124405268726642362e+02,-7.956751026373303830e+02,-1.429912170083087517e+02
-1.111282171102398252e+03,-5.370795525288870067e+02,-2.721873923418737604e+02
-8.147090620472256433e+02,-1.336331980715932787e+03,-5.491800488854055402e+02
-1.083665060335315502e+03,-1.413699908765674422e+02,-1.878661669416755720e+00
-1.002541457193002429e+03,-6.291987436411660610e+02,-1.146507054754447609e+03
-1.180738891936210621e+03,-1.316744701874926307e+02,-1.544235125399317212e+03
-8.709679345767005998e+02,-2.623715699158535131e+02,-7.464966430769519157e+00
-9.340415655911918975e+02,-3.046972894174723834e+00,-4.014485064883946279e+02
-6.324583274432909548e+02,-2.651758217513823865e+02,-1.082814715055098077e+03
-7.699233957772030408e+02,-4.186064032830755082e+02,-8.569556729023132675e+02
-8.558413797125973588e+02,-2.673404852258058213e+02,-1.081259666407923987e+03
-1.178122145187855040e+03,-3.961591192359649085e+02,-8.157441854221219728e+02
-1.116259493743220901e+03,-1.336706025584859674e+02,-3.960980686072988988e+02
-1.079499228138066201e+03,-3.952947622636820029e+02,-3.988446697440253956e+02
-8.785961320363213645e+02,-1.405488944860987431e+03,-1.491807851187078768e+03
-9.575572467366855562e+02,-1.332629131818498252e+02,-1.318446450966981445e+02
-1.073998167148155517e+03,-2.603065760026364615e+02,-5.615357264268734525e+02
-1.330797022484164017e+03,-1.867345922033705197e+00,-1.329269714433595482e+02
-9.701503021443346597e+02,-1.629728952934947905e+00,-1.338274580985277282e+02
-1.365535760947989729e+03,-1.312950495205191430e+02,-1.294056566121174967e+02
-1.316029063413875519e+03,-1.961218221467952771e+00,-1.305528728842496662e+02
-8.581658359366379045e+02,-4.448470500849838913e+02,-2.738226243059469311e+02
-8.696177940331125455e+02,-2.673994171898082755e+02,-4.530656023442111859e+02
-8.679857129102950921e+02,-1.299455460681568297e+02,-1.190514726776056298e+00
-9.629437548002347285e+02,-4.181662822921458655e+02,-4.304037982895520145e+02
-7.673210558434790300e+02,-1.303114264915900264e+02,-7.854794176777988302e-01
-1.001346058604913878e+03,-1.313325084190483381e+02,-4.463325746863629888e+02
-1.500284069252701102e+03,-1.290466535355864437e+02,-2.644679410711576679e+02
-1.093080496433868348e+03,-1.307168017084147777e+02,-4.589864343626269942e+02
-9.628061926159982704e+02,-2.604473935097946082e+02,-2.602623720508616429e+02
-7.960294956099187402e+02,-1.313509319334534950e+02,-2.699426965898953767e+02
-9.579017580873568249e+02,-1.333954584523426661e+02,-1.325256404610328786e+02
-1.434282849017968601e+03,-1.278291542775731759e+00,-4.157368845957046233e+02
-1.208220920834436356e+03,-1.317142782455368604e+02,-2.672641477158629186e+02
-9.697182210014567545e+02,-2.698792506968188718e+02,-3.960035115156751431e+02
-1.348950315319850688e+03,-2.593095095536279473e+02,-1.820451344729766774e+00
-1.193247655857283007e+03,-1.290583700478239280e+02,-1.405703711201776514e+03
-7.632570918185118671e+02,-1.325701693239292638e+02,-8.722155125840577172e-01
-7.792685916544334077e+02,-1.298731509867648413e+02,-1.289233906806832977e+02
-1.078683482052283580e+03,-5.577286826163574460e+02,-1.282408197173723750e+02
-8.796164286608837983e+02,-1.279275617541360219e+02,-3.961995359799780090e+02
-8.611637038013828942e+02,-1.305709906599880412e+02,-3.965390074744920526e+02
-8.568898863552883540e+02,-7.522039957801042176e-01,-2.729393526334915236e+02
-6.678614434309110948e+02,-1.271788328965883466e+02,-1.313663316033875219e+02
-1.241590573623593627e+03,-5.339600490274267486e+02,-4.209723140517650108e+02
-7.383858647554988011e+02,-4.194052980271297315e+02,-2.610425153171080410e+02
-8.624363089596236023e+02,-3.874143482370172364e+02,-4.057053071358777174e+02
-7.958653340473690605e+02,-2.577661793645879129e+02,-6.241072318878358374e+02
-9.107829471808440758e+02,-9.783517893212551826e+02,-2.592427553892194396e+02
-1.079117066655968301e+03,-7.371646212438585053e+02,-2.733791224925577126e+02
-6.618248248257162913e+02,-1.284672526061339966e+02,-1.298533083392783283e+02
-7.952434151080026368e+02,-1.267560351750836389e+02,-4.278250401995787229e+02
-6.387394187285533462e+02,-3.945969485976024771e+02,-1.683370352188893415e+00
-7.530884053914240894e+02,-3.696587003709243504e+02,-1.269430781110588669e+02
-1.056535945455443880e+03,-1.315426689506815592e+02,-5.340078702250906417e+02
-8.938891763974388596e+02,-1.259015519370226173e+02,-1.286057717493568475e+02
-8.998546627546954824e+02,-1.896520077553395689e+00,-5.211455645212820400e+02
-7.614107481250018736e+02,-2.624503388353690525e+02,-1.320329168428557409e+02
-7.628233576001546226e+02,-4.919418625427513234e+02,-2.666784508622316707e+02
-8.558520017210473725e+02,-1.300323992110254778e+02,-1.273554815531133926e+02
-1.321312256371189505e+03,-2.609316779518857174e+02,-1.276949336205999401e+02
-1.321949877885102978e+03,-2.555771934947344732e+02,-7.789055329325893808e+02
-1.143326457138077558e+03,-2.688820021168864400e+02,-1.307270217246420145e+02
-1.078645919782287592e+03,-1.300524919392904337e+02,-1.338259870101251465e+02
-8.625424361390107606e+02,-1.296006634227892675e+02,-2.665062090125357486e+02
-8.483586127487536714e+02,-8.574400234315955327e-01,-5.107259204894543245e+02
-1.366648650144622934e+03,-2.010177110078021023e+00,-2.597699950216633056e+02
-9.654044636195526436e+02,-2.824968727844812406e+02,-5.170134119310772576e+02
-9.777567395312485132e+02,-2.956208259833441048e+02,-2.680470556835066986e+02
-7.375790476569153498e+02,-5.572293711998589361e-01,-2.811273197079124202e+02
-1.459634475077003117e+03,-2.982390569304967016e+02,-1.273846665482684841e+02
-1.285816912998398720e+03,-1.257074048933680217e+02,-7.876001780934860363e-01
-7.732851242809011865e+02,-2.475127333621387606e+02,-1.294810341457890104e+02
-1.088441629383017471e+03,-9.019429115340222847e-01,-4.587540841218931291e+02
-8.753395895971309528e+02,-1.299989910193531841e+02,-1.312236367770278207e+02
-1.366006558390844248e+03,-6.490800099392122213e-01,-5.121037947229804104e+02
-9.660523979120354170e+02,-2.605455057925568099e+02,-1.317677958600910699e+02
-7.614333950986862192e+02,-4.025216348747316601e+02,-6.745021063123139982e-01
-1.251113137105821806e+03,-5.274786087825406184e+02,-1.292519630912557318e+02
-1.396564128083640071e+03,-2.599807686021394488e+02,-4.057975843196124401e+02
-9.909394876804475416e+02,-5.730367499942146114e-01,-5.385726660328031130e+02
-1.374081444727867165e+03,-2.696750729520820755e+02,-3.952876922199806700e+02
-7.535876775755763219e+02,-1.570820122931237295e+00,-4.923234195547074310e-01
-1.090122900869509976e+03,-1.296994703402632183e+02,-2.715073551892945147e+02
-1.080267914775792633e+03,-1.262619574275490351e+02,-1.295626315232993591e+02
-1.084093847780614396e+03,-3.630011356676702690e+02,-5.431874338575084948e+02
-1.319895975108495350e+03,-2.542828038931502590e+02,-1.332171185814242733e+02
-7.610633302403024345e+02,-3.132493696786968371e+02,-1.308069003151999539e+02
-1.217189975317495737e+03,-1.297059130941971148e+02,-4.088940712452402977e+02
-8.545925676202494969e+02,-1.234810503327265536e+02,-1.278827563811681927e+02
-6.424492061610228575e+02,-1.272231517903441187e+02,-5.044388774601611658e+02
-1.275464695280384149e+03,-1.305316359371440456e+02,-4.893787183121671660e+02
-1.012473287286707773e+03,-4.362047581271718544e-01,-1.290388915937892023e+02
-9.767178786733268225e+02,-1.310822447221201514e+02,-1.274937153535687457e+02
-1.340259322616001327e+03,-1.289446579209755441e+02,-1.281914398369974037e+02
-9.905233770432492975e+02,-2.583826452859354958e+02,-1.285942650810849557e+02
-6.839984787597926470e+02,-1.283798848233227545e+02,-1.305207096251889141e+02
-9.681208522470146818e+02,-1.266330477180716372e+02,-1.527052952745586254e+03
-7.615795448803963836e+02,-2.572233933799914780e+02,-1.311142829895288742e+02
-1.201120643179735907e+03,-1.281777213837516172e+02,-1.299943289906330506e+02
-1.311508881453741424e+03,-2.489089529903590119e+02,-2.665221380283569488e+02
-1.080596359546865642e+03,-2.530794857047776816e+02,-3.778655865306462829e+02
-8.570426234714705060e+02,-1.288356447285378010e+02,-1.244048525370527472e+02
-1.241713090082587769e+03,-1.226134292181226471e+02,-1.290053177829456956e+02
-8.056364758015971574e+02,-1.265891957850447085e+02,-1.291005271759352127e+02
-8.466680630824591844e+02,-2.605993214824595725e+02,-2.524343127144834682e+02
-1.103109417866440026e+03,-1.304999859999968805e+02,-1.261566120536834745e+02
-8.646298222430989426e+02,-1.270110242328173342e+02,-1.285421158689118784e+02
-8.534280356340316303e+02,-1.295053366335200735e+02,-1.281504277866313544e+02
-7.744184649170389321e+02,-1.296584854970088827e+02,-1.284502787049505059e+02
-1.305019702003598013e+03,-1.048421266689246067e+00,-1.329450042626402535e+02
-1.249187128618248380e+03,-1.280476898065265345e+02,-7.161118056579570679e-01
-9.808884991059029517e+02,-3.099820970524728523e+02,-1.288325898218166117e+02
-1.353545788275962423e+03,-3.630076249669265280e+02,-1.312944256957672735e+02
-9.097471271129365959e+02,-1.274542384200615999e+02,-1.296762410223743132e+02
-8.524113628554569004e+02,-2.433226061145579990e+02,-3.085773396199975309e+02
-9.281155516187544663e+02,-1.298343584949565184e+02,-1.296218128898266571e+02
-1.391205674656943302e+03,-1.266252576854595020e+02,-1.297091494717610090e+02
-1.286748511458707981e+03,-1.303565548361023048e+02,-3.951586444629684891e+00
-8.968023536646263665e+02,-3.935836284072626654e+02,-1.270893454985411353e+02
-9.882017588440269265e+02,-2.516630655392545179e+02,-1.324133742622319403e+02
-1.626762638075459336e+03,-2.587242200562203038e+02,-2.755280550802751804e+02
-1.240098207118234768e+03,-1.287975258414354300e+02,-1.269070816886904538e+02
-1.025491886587907857e+03,-1.348718040408771799e+02,-1.296790101622711973e+02
-1.092794003205728586e+03,-1.303684894730629367e+02,-1.264547832251814157e+02
-1.039912003279011969e+03,-2.598119359706600449e+02,-3.840446302845168134e+02
-9.783344108711047511e+02,-1.284682020385291139e+02,-2.637730008211049153e+02
-1.009896927007381237e+03,-2.927023386448950646e+02,-5.601909489190193199e+02
-9.092735259853561729e+02,-1.276409630588281630e+02,-1.306065129751332279e+02
-1.169784187029034683e+03,-2.868156954059446662e+02,-4.410399425144316297e+02
-9.207895188866034459e+02,-1.283810429172404497e+02,-3.949274719168751631e+02
-8.735676323561565368e+02,-6.890241680358092253e+02,-3.782056338075738608e+02
-7.601069106125160033e+02,-1.301744538805307343e+02,-1.285467373474194233e+02
-1.262899898339063839e+03,-2.655117663334517033e+02,-4.548318061852461369e+02
-1.090909847429014008e+03,-3.683800022416965589e+02,-5.172559212955991370e+02
-1.106073206843642765e+03,-2.578078760265715346e+02,-5.164511372250508430e+02
-7.691478641662986320e+02,-1.647371902857056369e+00,-5.627371960164214215e+02
-9.593628172236576575e+02,-5.671635142772368798e-01,-2.749943111251485561e+02
-9.253444500489687243e+02,-2.542094492451966232e+02,-1.295750434403817337e+02
-1.261323475614990230e+03,-1.255741432572088030e+02,-1.292885787302452059e+02
-7.545451129343310868e+02,-1.263138974216693526e+02,-2.553092359576044412e+00
-9.867595375880641768e+02,-1.304565488282208889e+02,-2.636494446990945448e+02
-8.394642853800943385e+02,-1.303609394044037515e+02,-2.581749594785729869e+02
-7.695116419378018691e+02,-1.268857138441507857e+02,-2.678840990506210460e+02
-9.857401638293908945e+02,-4.104076127921973125e+02,-1.127109556314984662e+00
-1.096744255354915822e+03,-1.286728454143525369e+02,-2.924759514206682525e+02
-1.362759307347186905e+03,-3.731565314205690242e+02,-5.063432709936537321e+02
-1.077210406648249773e+03,-7.596810522634251939e-01,-1.268653255754043414e+02
-1.193646659474455191e+03,-1.308856007327963766e+02,-1.316962656371233322e+02
-9.640579135234712567e+02,-1.301457633799662972e+02,-1.295139649675623161e+02
-1.207199447212824680e+03,-1.271458424645424969e+02,-1.304743331625005851e+02
-1.090814733504660580e+03,-8.777748765008911436e-01,-2.602067646808840209e+02
-1.113467611226856661e+03,-2.602290494137286032e+02,-1.275456095844884317e+02
-1.185311931145699191e+03,-2.538011085019089990e+02,-2.591801387320600725e+02
-9.553466156188222840e+02,-3.749033489960910401e+02,-1.314261825688812735e+02
-8.621674697002252969e+02,-4.015459246823540411e+02,-8.029677042806830922e-01
-8.565377015719046767e+02,-1.406585096491330233e+00,-5.201178615300181036e+02
-1.313006317697751001e+03,-9.246247654738657396e-01,-6.389004957984263910e+02
-7.501004475792842641e+02,-6.713602864959529182e-01,-1.288961868540248190e+02
-6.343551725720915329e+02,-3.691819253635330824e+02,-2.683775919134818082e+02
-8.651231735888775347e+02,-1.325841975150769940e+02,-3.968345600352985798e+02
-9.656859283166795649e+02,-3.234206554236574771e+00,-4.125995123011352916e+02
-7.526497755780824264e+02,-4.307390746190759501e+02,-2.607844062421400508e+02
-9.878233447322768370e+02,-1.252099021755235464e+00,-1.092818704728646617e+00
-9.636893602769266636e+02,-1.415270053454208643e+00,-2.565951650298190998e+02
-9.958702553303271543e+02,-1.326849849794719205e+02,-2.657334908726635945e+02
-1.195618759405073206e+03,-1.304949249813237770e+02,-1.285773908662519318e+02
-7.609154602240828353e+02,-4.011240926955978807e+02,-1.285232655862064632e+02
-8.593617099734016165e+02,-1.301431971307752065e+02,-4.943106292353355684e+02
-9.837495408141097641e+02,-1.297722303900752365e+02,-7.070259126599177657e-01
-8.603463311411304630e+02,-1.276208264183083685e+02,-4.048280458197770599e+02
-9.677965745968746205e+02,-1.350194144377295800e+02,-1.290422676867283656e+02
-9.719522468718578239e+02,-1.325516965380954844e+02,-1.360076978015907230e+02
-8.539958042092124515e+02,-1.294029656557666783e+02,-2.659425926137037095e+02
-8.715353909178097638e+02,-1.319079887709017385e+02,-3.851538143724959014e+02
-8.671694707354192815e+02,-4.060154847642292566e+02,-2.564386637817126484e+02
-9.002587477778696439e+02,-2.913714403204265864e+02,-1.261499963794469608e+02
-1.192784709215529801e+03,-1.383382594763961890e+02,-2.688355967779297657e+02
-7.525935641117126806e+02,-3.183755188353574113e+02,-2.679534969993605955e+02
-8.845404422163810523e+02,-3.983229442241145648e+02,-1.285600157433649144e+02
-8.395817364785277732e+02,-1.307236710550455427e+02,-1.272472105315105466e+02
-1.226595368932495830e+03,-1.538747291867965487e+03,-4.034142948942807720e+02
-9.226043474485804836e+02,-1.533313422216577692e+03,-4.990420204377016375e+02
-8.961017298083378364e+02,-2.718579306365535899e+02,-1.334921711477653616e+02
-8.723757694447253925e+02,-1.304912460384309156e+02,-1.286648202623258328e+02
-1.068312637637323633e+03,-1.668213423742986423e+00,-1.281062301849261473e+02
-6.641209639692731344e+02,-1.290921466743169219e+02,-3.302332944388005558e+02
-1.033960593626133004e+03,-1.290143012390903436e+02,-3.961498896949793789e+02
-7.658066710387888634e+02,-1.491909194024335648e+03,-1.310958888360387391e+02
-1.456922331152408333e+03,-1.268475561887209864e+02,-2.703737901407726554e+02
-7.536312081853767495e+02,-2.764821349942186544e+02,-2.810959891378308271e+02
-1.024343046094529200e+03,-1.292406331959371641e+02,-3.768547174730804272e+02
-8.923567287632263287e+02,-2.904372626689317372e+02,-1.315355039397243502e+02
-1.424489042032206498e+03,-1.359036813166242439e+02,-7.430731726393861036e-01
-9.659412382116109939e+02,-2.590416204383407148e+02,-1.275573937155697166e+02
-1.015545026943232756e+03,-4.066579399815781812e+02,-2.593781765459272606e+02
-1.392745158258788024e+03,-2.571210445153186015e+02,-1.315690406430319683e+02
-7.399305523025266211e+02,-1.320501814279406858e+02,-4.014599649850314336e+02
-8.804629881153268798e+02,-4.138167572103778866e+02,-1.301404854312785062e+02
-1.176180679435667344e+03,-4.956328851932032080e+02,-1.289965148442104805e+02
-1.325403207666925482e+03,-1.369794964259539825e+02,-1.328721589431375492e+02
-9.753102453847957349e+02,-3.801997140261341883e+02,-2.679960908229908796e+02
-9.033965798871037123e+02,-3.865757235153810143e+02,-1.298000746875365223e+02
-1.379923270956671331e+03,-2.565473169683243100e+02,-1.296442386603258683e+02
-8.672174744935181252e+02,-1.282563783734167089e+02,-1.324886286610523598e+02
-9.642293252650659952e+02,-2.837353272160141842e+02,-2.525875180248081335e+02
-1.342570562588041412e+03,-2.563032255937392279e+02,-1.328130168029323670e+02
-1.022562942538255015e+03,-9.531385488631793912e-01,-2.682261870792164586e+02
-7.874377459905264232e+02,-1.331158793034570920e+02,-2.619179376262795813e+02
-1.080382831470182509e+03,-2.649056083709783138e+02,-1.288314939438984368e+02
-8.954858314694785122e+02,-2.500450189367113296e+02,-8.401726888197618148e-01
-7.841628858561522293e+02,-3.944799542656397193e+02,-4.398664955633423119e+02
-8.991900931108202712e+02,-2.580926795593920247e+02,-2.582115801468837049e+02
-8.857901303624959155e+02,-3.512422411995039511e+02,-2.665124951010059817e+02
-1.524799611409458066e+03,-1.305829813537516202e+02,-1.296602316420491832e+02
-8.736581656542495011e+02,-1.301256862621729340e+02,-2.753409520130041983e+02
-8.576395975594042511e+02,-3.581847097024636355e+02,-1.288499591848953685e+02
-1.370593746425103973e+03,-2.808798480329397762e+02,-1.325405796029034491e+02
-7.545575150903067652e+02,-2.567837783889505658e+02,-1.356788956043790506e+02
-9.130708071526930780e+02,-4.226582303745563536e+02,-1.267253269011004306e+02
-1.353110944254033029e+03,-1.304751309901584762e+02,-1.318150635508117432e+02
-9.754512983612306698e+02,-4.755111495407361417e+02,-1.289803075492852145e+02
-8.810369840273320960e+02,-1.293495638651921240e+02,-2.643749537040887958e+02
-1.203345294695082202e+03,-1.322377860928854147e+02,-1.293786371091414367e+02
-9.693467635857556388e+02,-2.544199685058644889e+02,-1.298283307447162258e+02
-1.372252226560297686e+03,-1.294740546057210793e+02,-7.675747421732873610e-01
-1.011302040953245637e+03,-1.314090428305100033e+02,-2.817267812498035937e+02
-8.601565191342235721e+02,-1.257565848611078536e+02,-4.373851611991963750e+02
-7.536273941849179892e+02,-1.307173941242438673e+02,-3.782771704996911808e+02
-7.898595172036430085e+02,-3.743119557896695824e+02,-3.922334895456989443e+02
-7.655201891411854831e+02,-2.581624065468356548e+02,-1.302588081318278910e+02
-1.501333280263702818e+03,-3.022584699018849506e+02,-1.332908746747677924e+02
-9.794996837873973163e+02,-2.814349158660616013e+02,-1.022985444318742276e+00
-7.737309372918742838e+02,-4.216831493499342969e+02,-5.667297771056772717e+02
-1.224967115713065596e+03,-1.491357141688472211e+03,-3.513124748587780459e+02
-9.581752124083537865e+02,-1.286522209419272258e+02,-2.699939470138604065e+02
-1.342521367010130916e+03,-2.221883142882507212e+00,-3.968389920165366220e+02
-7.700208049231619043e+02,-2.791085365089814445e+02,-1.284199842222863595e+02
-8.612970558089281212e+02,-2.579490893052533238e+02,-7.513206608594766855e-01
-1.329301138630549758e+03,-4.098645277485642282e+02,-9.490370501475019482e-01
-9.718116242325460234e+02,-9.583597282468274692e-01,-3.857385659314252848e+02
-1.082646683091609702e+03,-2.682966608219664408e+02,-1.289519004662482189e+02
-1.152587587320563898e+03,-2.588602422487348349e+02,-1.269075043920077661e+02
-6.446060698836751044e+02,-1.284334142825446179e+02,-2.776577827871677755e+02
-7.476093373357595055e+02,-7.874437626862542672e-01,-1.314190541364197600e+02
-1.566140398800120465e+03,-1.295258268572985401e+02,-1.211064981505145299e+00
-1.107253831695767985e+03,-1.266110021056639141e+02,-1.301628398611333353e+02
-9.834708743312736487e+02,-1.287826992050703439e+02,-1.270279980718016191e+02
-9.653761023771986629e+02,-1.318716429122662817e+02,-1.514286683248652121e+00
-8.748080714226300643e+02,-1.251372170698640929e+02,-1.289433967699966210e+00
-6.322510478113202907e+02,-1.320783763734264085e+02,-3.860020937003758377e+02
-1.271636491013356590e+03,-1.299734549562192569e+02,-1.306259969139101145e+02
-1.410648108825511372e+03,-2.676586742729425623e+02,-1.762603193075971353e+00
-1.151534370747487174e+03,-1.278326730809150291e+02,-4.386790993217191499e+02
-5.209643413656241364e+02,-1.275041865116315591e+02,-1.303630355113917290e+02
-7.572022862761780289e+02,-2.689130506337022553e+02,-1.269675948039007380e+02
-9.708659322425003211e+02,-2.722287763044661233e+02,-4.194836242871868421e+02
-1.070533391016658697e+03,-1.279853549173565455e+02,-1.028195147243052832e+00
-9.407358353912214852e+02,-2.695436182852910179e+02,-3.693994689239564533e+00
-7.426431202687829227e+02,-2.732354240943257082e+02,-4.637714451068486596e+02
-7.808260669798152094e+02,-1.361407831075830410e+00,-1.358350999964393395e+02
-6.632753387111101802e+02,-3.683151064476542160e+02,-2.868137512117896790e+02
-8.913027177853209650e+02,-1.314126893037279444e+02,-2.620718326924977077e+02
-7.659574763907610304e+02,-8.556412680117274627e-01,-2.477240176139620758e+02
-9.860669394135383072e+02,-2.150151541252266263e+00,-3.978555340164212453e+02
-1.084925524914019888e+03,-1.313914153616944702e+02,-1.278598780635329035e+02
-7.741006782197713392e+02,-2.690929773004336312e+02,-2.532979272110277122e+02
-1.157479801871586460e+03,-1.314916949963843251e+02,-3.312777504958972372e+02
-8.811508633119129854e+02,-8.360511598683951773e-01,-1.373382407481088023e+02
-1.472479809092981668e+03,-1.311003772514329455e+02,-8.196179246845111122e-01
-8.936790830716391838e+02,-1.308378349870498880e+02,-2.546820436698505716e+02
-7.510811871650709008e+02,-1.288342484884080648e+02,-3.942971630916204617e+02
-8.812935774572737273e+02,-3.946034779986093213e+02,-1.332316740323161071e+02
-1.011820253333146752e+03,-3.051983918794554143e+02,-1.312526821372671861e+02
-8.764747167016153071e+02,-2.663689393502335747e+02,-1.303951110724209173e+02
-9.733993814142165775e+02,-1.314829539683103121e+02,-1.290377520174685912e+02
-8.710282382615910137e+02,-8.829378816160418086e-01,-1.262111382196690528e+02
-1.529713339352283811e+03,-1.848866350980391982e+00,-2.640930119383535271e+02
-1.098001078051907598e+03,-1.270623624809455663e+02,-5.073398793139289182e+02
-8.641587417348789586e+02,-2.489496329005905579e+02,-3.887869120142082124e+02
-8.583517027705850069e+02,-1.278158061511338275e+02,-3.780356233533292993e+02
-1.081152453916690092e+03,-1.284760996704605702e+02,-3.868310431880943270e+02
-8.642386022286035541e+02,-1.285285001532390083e+02,-2.456807570046568117e+02
-7.491764572182670463e+02,-4.417677834321907540e+02,-2.901288179070812703e+02
-1.203687052277760586e+03,-3.375798197836105601e+02,-3.074570693246044470e+02
-7.394286392785530779e+02,-2.672276438588716587e+02,-2.876690513208937432e+02
-8.886792373084751944e+02,-7.240675236420066767e+02,-1.271173265564100490e+02
-6.211068536034193812e+02,-3.801534388580507766e+02,-2.609301669139050546e+02
-9.812596278856187837e+02,-1.311612653163402342e+02,-2.642895015483322254e+02
-7.674181154664747737e+02,-1.329738076054366616e+02,-1.297751311724566108e+02
-1.421455525381248890e+03,-3.010385565491821467e+02,-1.325260940141291712e+02
-1.070994028713718308e+03,-2.989543019800690331e+02,-1.319328616842820168e+02
-1.016702891916675640e+03,-7.624739527913045878e-01,-1.276586335574559001e+02
-8.894337374700738792e+02,-2.645422922615299512e+02,-3.881586468054632064e+02
-1.226969466977142019e+03,-1.313117653913512868e+02,-4.115208907618819012e+02
-1.184524011722442083e+03,-1.325415525948172899e+02,-2.846639361700886184e+02
-9.098145902597558461e+02,-2.711960478394286156e+02,-1.111308736871746694e+00
-1.046834199961477452e+03,-4.088602621357919702e+02,-2.897636897427715326e+02
-1.062151360644884335e+03,-1.277115917491009469e+02,-1.332131425160894764e+02
-6.403252723568526790e+02,-1.379858779415843628e+02,-1.249236285196199958e+02
-9.807314339686621452e+02,-2.571552412118861071e+02,-2.465748649274426896e+02
-9.022046336815753875e+02,-3.895938862097914352e+02,-7.772805536404787663e-01
-9.529285568459066553e+02,-2.663549314346133201e+02,-1.290859639999306410e+02
-7.640420786371468012e+02,-1.304392138921822379e+02,-2.956636243829800037e+02
-1.094307716108572322e+03,-2.681885061358351550e+02,-2.632171303104844924e+02
-8.896138324143273621e+02,-3.871256940333147440e+02,-1.319192459321017736e+02
-9.459706969744253229e+02,-1.294493343358485902e+02,-1.987548862339221900e+00
-1.036131356376542499e+03,-1.531220848244882804e+00,-1.246723413184015072e+02
-1.394150425468503954e+03,-1.330340757551468585e+02,-1.258420067444479287e+02
-8.834521316600028058e+02,-2.469838824917933664e+02,-2.598064085128659713e+02
-8.649709641177598769e+02,-1.579473088939892023e+00,-3.562085696704537554e+02
-1.296851246389010385e+03,-1.044940155447993790e+00,-1.287144083298749706e+02
-1.076319897832597007e+03,-1.304090387524073833e+02,-3.583775327047518999e+02
-8.972189187968150463e+02,-4.023409453241612823e+02,-2.466540143429215561e+02
-1.336563510941654840e+03,-2.475733278310604248e+02,-2.654533440178241221e+02
-7.909751281688089648e+02,-9.287831558086500072e-01,-3.407058437297611135e+02
-8.908262553492240841e+02,-2.584246438114807916e+02,-1.318856400342138784e+02
-1.096190389665682460e+03,-1.322459530669327421e+02,-1.952400492627651474e+00
-1.082122044317505697e+03,-2.531580704217305424e+02,-1.270591559272416191e+02
-1.163118293636379121e+03,-1.270047082722227572e+02,-2.527527658512238418e+02
-1.527898329240415251e+03,-1.305334748113085084e+02,-1.330763180182391636e+02
-1.439853436631758314e+03,-1.468265170032070577e+00,-4.011099563596052349e+02
-1.280436851427446072e+03,-1.310230418514967710e+02,-2.619108754988911301e+02
-8.398709520604750196e+02,-1.259735793347395685e+02,-1.323062728879164638e+02
-7.341933385831779333e+02,-1.263332319829320198e+02,-1.247121973903042402e+02
-1.152097252838178520e+03,-2.511039930342539037e+02,-2.650757711814659388e+02
-8.996456819330295502e+02,-1.287312074239976596e+02,-1.818811674180410565e+00
-8.994738611444952312e+02,-2.725075965800498352e+02,-6.866179997292684902e+02
-8.755678564901667187e+02,-4.054577042083704441e+02,-1.283546939627485699e+02
-1.111434174639998446e+03,-2.589445047759519412e+02,-1.252986766541347805e+02
-6.457080164439357759e+02,-2.613305284832738380e+02,-2.642336166721768222e+02
-1.101254201533010928e+03,-1.295282925321818368e+02,-1.307617020787817808e+02
-1.120791455420948978e+03,-8.586654341897420606e-01,-3.323570461029347030e+02
-9.360179756571214966e+02,-3.900159711443709512e+02,-1.301736776461481213e+02
-1.377149534763669408e+03,-1.318225472822643383e+02,-1.238547963309128193e+02
-7.746939112510206087e+02,-1.299077042179098669e+02,-8.765567999895503837e-01
-8.720811585808075961e+02,-1.234022801751407457e+02,-1.269162734308389560e+02
-1.342251684405670858e+03,-1.254641935495744320e+02,-1.298896368118008411e+02
-8.649442347490362408e+02,-2.613373362650367540e+02,-2.568542778297144196e+02
-1.216161081839177768e+03,-1.277129278636824381e+02,-1.322030570173216972e+02
-8.993173186362258775e+02,-2.489892615353285805e+02,-1.285573210155869219e+02
-8.968445058419220004e+02,-3.613925579204141059e+02,-2.484364822051001624e+02
-7.432118707115145071e+02,-1.274460492909044120e+02,-1.311370494138436982e+02
-9.767055469199810886e+02,-7.761775093561552596e-01,-2.647705772595546705e+02
-1.065996910762609787e+03,-1.278834415030545557e+02,-7.148876110690361996e-01
-7.600502177566791033e+02,-1.330560467128180164e+02,-1.343259018158793481e+02
-8.832250024568558047e+02,-1.221884432548111903e+02,-3.876846273953569266e+02
-9.354423733503751919e+02,-2.660675926317900348e+02,-1.854442156073822900e+00
-7.923814877470953206e+02,-3.836278119184694333e+02,-7.681647747452573505e-01
-1.265460923927122394e+03,-1.269769720427132995e+02,-4.429002689630107170e+02
-1.065123439748137798e+03,-1.322403860306817194e+02,-7.270322821785680789e-01
-1.335660861664036474e+03,-2.868870865896122382e+02,-1.280010830469400389e+02
-7.556596358651183891e+02,-1.258524058143542987e+02,-1.348396093039231687e+02
-6.517622152132714746e+02,-1.286343485691696458e+02,-4.003999909841499516e+02
-8.747639267063806301e+02,-1.312837301848497873e+02,-2.450339401272992177e+02
-7.629657345967433457e+02,-3.951918531937443504e+02,-2.727466616088166802e+02
-1.249661920317935483e+03,-2.559570735758218234e+02,-1.281087302415595843e+02
-7.633840577879763032e+02,-2.548183683363067757e+02,-2.525292051122199553e+02
-1.368997959026625040e+03,-1.323634066249087482e+02,-1.383957419588452638e+02
-1.342366354074761603e+03,-1.277834002622797698e+02,-2.513805313022371308e+02
-9.654741443608793361e+02,-3.754193135102965471e+02,-1.310285247687330923e+02
-8.808997386606321243e+02,-2.693502313410084525e+02,-1.285898760189103882e+02
-1.031401885666983844e+03,-2.699249520076716067e+02,-1.156105922024022847e+00
-7.713617241491859886e+02,-2.863408757134349685e+02,-1.331823110673101667e+02
-7.494610424159784543e+02,-2.742518626378017643e+02,-2.660081268505538787e+02
-7.488976921371298658e+02,-1.320306539436216440e+02,-1.263661475863936943e+02
-8.922329834924714760e+02,-1.309399082955846154e+02,-1.334030295347587867e+02
-9.992934187132175339e+02,-2.570864904608917527e+02,-2.264441443395619480e+00
-1.253563374069542760e+03,-3.775856753575138782e+02,-2.730654816186558378e+02
-9.671968623877982054e+02,-1.280624804147063855e+02,-2.908906098117513466e+02
-7.998134455773590616e+02,-2.777283059623550798e+02,-1.270977747248305150e+02
-8.904697103425619389e+02,-2.717695010781499150e+02,-1.271670235320043787e+02
-1.277104894589633659e+03,-2.665437859050115321e+02,-2.774257097495800508e+02
-9.149239558110008375e+02,-1.283585608112324223e+02,-1.212110947624000090e+02
-9.749048754362229374e+02,-8.429147282496994853e-01,-1.314101786990548248e+02
-1.078595864896973126e+03,-1.270269790035036692e+02,-1.261793197503962887e+02
-1.186233557827939421e+03,-2.581722241769343782e+02,-1.333757213397832686e+02
-1.157186127145510000e+03,-2.705726481721977734e+02,-4.183419813602876616e+02
-7.619887169032424481e+02,-1.425965998070707119e+00,-4.108117315982061086e+02
-9.561992817209737723e+02,-2.589453941299187818e+02,-1.261299187278225986e+02
-1.074738521285700017e+03,-5.410621320687828302e+02,-2.690073367201456449e+02
-8.960658904013298525e+02,-3.669705564723486191e+02,-3.368180136905897939e+02
-1.174036898435112789e+03,-4.057711478319247931e+02,-1.307660605469057487e+02
-9.467372845329673510e+02,-2.611311837885439786e+02,-1.296399076215725188e+02
-1.491392965018529821e+03,-2.480857031452827357e+02,-1.304978901587394091e+02
-7.640051493623003580e+02,-1.282836758326267557e+02,-3.368433626728675563e+02
-7.935950335638914339e+02,-2.796502323025373471e+02,-3.576975858847370091e+02
-1.464968530765082050e+03,-5.333097946100979243e+02,-1.269718541521156254e+02
-1.190545588675572844e+03,-2.685470646518924127e+02,-1.353815369497825998e+02
-1.276948499956841033e+03,-9.218766625237986290e-01,-2.580137249308558580e+02
-8.892506942341291278e+02,-3.570458282459556472e+02,-1.330083831994069499e+02
-1.150183406405580627e+03,-4.249878809207431232e+02,-2.483282768290574261e+00
-9.841882242423629350e+02,-1.286588186353120591e+02,-1.305211782604989423e+02
-8.963982633748079252e+02,-1.361379834541496052e+02,-1.297420370612893521e+02
-7.345232465603219225e+02,-1.302591844689708012e+02,-8.738125009124707576e-01
-1.338699771860546434e+03,-1.323519155031597450e+02,-3.768665592162688540e+02
-9.969957047691111711e+02,-3.779647779825032785e+02,-2.709358604283679028e+02
-8.059112122787232693e+02,-3.859354482210093238e+02,-2.673552404208551252e+02
-8.827269134248327873e+02,-1.284481486613481707e+02,-7.679310960179909218e-01
-1.150975061060387361e+03,-3.314578681382492960e+02,-1.365624324261188178e+02
-8.693533202941686113e+02,-1.880487375330528899e+00,-2.696453663287979339e+02
-9.880026904437935400e+02,-4.071500175486710305e+02,-1.377966534713860938e+02
-8.936806311248413977e+02,-2.461764883193933429e+02,-2.643079195112475759e+02
-1.236801789158169640e+03,-1.278261348990224917e+02,-1.320765866864315115e+02
-6.165594532952538884e+02,-1.385149925409757827e+02,-1.258860809501922091e+02
-1.074624835653160744e+03,-3.632374710179442445e+02,-3.765739320803642727e+02
-6.271589230725479638e+02,-1.279299950949274916e+02,-1.321784342132513927e+02
-6.162150377763583720e+02,-1.393036043023486457e+02,-1.277534032096497043e+02
-1.005757602649596606e+03,-1.321306924662389122e+02,-3.271152840487590083e+02
-1.368389202226063617e+03,-1.287511497083541201e+02,-2.275787061579152226e+00
-8.427332652237635102e+02,-3.806288138505985330e+02,-2.698744987194099849e+02
-8.322391720991544162e+02,-2.523121897249150720e+02,-2.539771934798387178e+02
-8.917891456901130596e+02,-1.282494222793941674e+02,-4.874390167931446740e+02
-1.192972422343963672e+03,-4.279119942410319233e+00,-1.335423183744009066e+02
-8.838816499128671467e+02,-8.484300555046203618e-01,-1.309895593011816572e+00
-1.067783585006764497e+03,-1.292693065465100233e+02,-2.682942781759598461e+02
-1.391776666180194525e+03,-3.867703215004720505e+02,-1.282188939547527298e+02
-1.292451708019066245e+03,-3.799293954949818044e+02,-1.288496591358719741e+02
-1.394502862416112521e+03,-1.315902005214453254e+02,-1.293048297720890218e+02
-9.092596352312145882e+02,-7.452624483594628702e-01,-3.819293958035990499e+02
-7.500299621169955344e+02,-1.322446385955453536e+02,-1.282096948335203024e+02
-7.697286976231697508e+02,-1.315500486634423680e+02,-1.310892914228644486e+02
-7.734589212239527569e+02,-3.955948899772223513e+02,-1.283825038505867155e+02
-1.092925356876360638e+03,-1.289860768181477795e+02,-1.323281919075943733e+02
-1.157053594390034505e+03,-1.265685788157510245e+02,-2.539946391669339789e+02
-9.816515293334946364e+02,-1.283487706646546656e+02,-3.719161633350501575e+02
-8.459843014059453026e+02,-1.273895358829689570e+02,-2.621762646089176201e+02
-8.953821383928909654e+02,-1.320494021668135360e+02,-2.585133170567757475e+02
-8.524247307913017266e+02,-2.840818051306771963e+02,-1.354329719963830883e+02
-6.198539560136209730e+02,-1.262973287819994255e+02,-1.269940193163066766e+02
-1.183266703770638287e+03,-1.270473218240015285e+02,-1.324338585128522539e+02
-7.812252218056154334e+02,-2.574561662882660471e+02,-1.296125491722889649e+02
-8.658392473827145750e+02,-1.321555198520815395e+02,-4.163819737335788886e+02
-9.901863153516404736e+02,-1.277080280346887236e+02,-2.542838514079213041e+02
-1.085442686960640231e+03,-2.650620028561506842e+02,-2.695018319109570371e+02
-1.156173533384802340e+03,-1.242170914083952304e+00,-2.612068538921210461e+02
-1.066708471362016780e+03,-1.277650218152154054e+02,-1.227643312595777871e+02
-8.912699615107627551e+02,-2.658588161828399734e+02,-2.808058707677819257e+02
-8.881202905478922958e+02,-1.316817814988941677e+02,-1.268306715594379881e+02
-1.080240550753171874e+03,-1.339355732413920919e+02,-2.865151540529250695e+00
-7.842333957700732299e+02,-1.300388831062203394e+02,-2.073004528874576202e+00
-1.394354069947765765e+03,-3.588617088890168816e+02,-2.618276262405803436e+02
-7.848367945897275604e+02,-1.298859098753094088e+02,-2.585452175460763442e+02
-1.103355126995175851e+03,-5.798075097364590036e-01,-1.300490958447970229e+02
-7.718756758161489415e+02,-1.321322019578157949e+02,-2.783983323128699681e+02
-6.231894710879947752e+02,-2.524900005280624100e+02,-1.301050393387749011e+02
-1.022549198656222302e+03,-1.080997242509263545e+00,-1.328957935671440680e+02
-6.509810661055157652e+02,-1.325457171331423467e+02,-1.328928877770275392e+02
-8.876797554015042806e+02,-1.231254984030776995e+02,-3.514701961178601550e+02
-1.346594196286828264e+03,-1.276652080128140767e+02,-1.286412944060866153e+02
-8.653113128019912210e+02,-1.094146744529760351e+00,-3.530438799584642311e+02
-1.258284918499499554e+03,-1.318707183863347723e+02,-3.784613566950385461e+02
-8.654771360374518281e+02,-5.386977437800318285e+02,-3.735857654700301396e+02
-8.457357795767236439e+02,-2.676320672268303156e+02,-2.861328582789708435e+02
-1.468280931394901245e+03,-1.267894255542315562e+02,-1.361393777973926547e+02
-9.328766732137185045e+02,-4.955517825647387520e-01,-2.556283990011047820e+02
-1.074824388424202198e+03,-1.282032027039223010e+02,-1.286923009902260162e+02
-9.620891722579015095e+02,-1.278553009885445420e+02,-1.271907229313441690e+02
-8.867936144753397230e+02,-1.258076880896231131e+02,-8.478014186706465116e-01
-7.517488581183462202e+02,-2.773501309722553287e+02,-2.599396077719284222e+02
-6.306503608715649989e+02,-1.289906303964272922e+02,-1.335346476972964354e+02
-8.634322383363058862e+02,-1.280168433023657144e+02,-1.300769737686329108e+02
-9.907185138974549545e+02,-1.297407971329757856e+02,-2.513093708260415724e+02
-7.425501713263771535e+02,-1.282842554970179663e+02,-3.281236093708041608e+02
-1.024807510393649636e+03,-5.680212365231988025e-01,-3.750868091435260112e+02
-1.316411973053225893e+03,-1.308568288287423798e+02,-7.370707821967122930e-01
-1.183496747658242612e+03,-1.265646402337753784e+02,-1.311315535723121002e+02
-1.150334932366129124e+03,-1.364917168766647535e+02,-1.334575231635373598e+02
-8.769046491794881604e+02,-1.262867461829459046e+02,-1.330353957721585800e+02
-6.237040640891151497e+02,-2.473541043469163014e+02,-2.648068387382826359e+02
-1.122584439845853240e+03,-1.291913017912735882e+02,-1.286710840798644426e+02
-8.923240320428243422e+02,-1.325761403423344973e+02,-1.377755074477050243e+02
-8.772893317178888992e+02,-4.107087192777850646e+02,-1.322467134375418709e+02
-1.031095341735677039e+03,-2.692019490395273920e+02,-2.598436471111429569e+02
-7.979884950855851002e+02,-2.582771298027421381e+02,-9.826717944901192103e-01
-7.424116019950322425e+02,-1.183611005181909661e+02,-2.667374278270279433e+02
-7.435471886191493240e+02,-1.243218315717543732e+02,-1.298990698309222012e+02
-7.564643754308821144e+02,-1.265688809813673288e+02,-1.278079140520241594e+02
-1.263049613710150197e+03,-1.297142285610064789e+02,-3.666193118750157964e+00
-1.507789392196946892e+03,-1.284552728697011332e+02,-1.273518065611290382e+02
-8.738528480393839573e+02,-1.286087642502163249e+02,-1.276679018306991935e+02
-8.566268787657209032e+02,-1.289026969528886468e+02,-3.730921771366079156e+02
-1.560884356384417742e+03,-5.620365247953490462e-01,-2.500985279685822604e+02
-9.124215767692297732e+02,-5.467623040694078327e+02,-7.626779599252627717e-01
-1.088416909551545132e+03,-1.404926784340857182e+02,-1.241878913981185235e+02
-9.820899763896087507e+02,-2.589780642934864119e+01,-3.746182687848364594e+02
-7.513336150253680898e+02,-6.306963443929936020e-01,-1.274749892178981838e+02
-9.593479444892470838e+02,-1.292947089702543053e+02,-3.920737292086356547e+02
-1.187249402974341592e+03,-1.283253079100560683e+02,-1.307610612025871433e+02
-1.228010991265814027e+03,-1.300142888505057499e+02,-1.305470127641299030e+02
-1.084586985772790968e+03,-1.297778450052143739e+02,-1.280585455549402809e+02
-1.242702344890864651e+03,-2.607986798590527542e+02,-1.311658419377192217e+02
-1.086272424720548997e+03,-8.563279247916242287e-01,-1.284246329098030230e+02
-1.236740478807822001e+03,-1.241446265545890100e+02,-2.462800974191858643e+02
-9.959880528974225626e+02,-1.291943965023775149e+02,-1.267678419048235554e+02
-9.113290070275367043e+02,-1.307013633974526101e+02,-1.285132805144488373e+02
-8.798155497693587677e+02,-1.059779701100400416e+03,-1.287336652783823467e+02
-6.263570452672835245e+02,-1.265502879428496641e+02,-1.292186457022835953e+02
-8.519221746592822910e+02,-1.289035894036203729e+02,-1.254217256411888570e+02
-8.620957783424872787e+02,-1.324223701649081306e+02,-3.716430469166159014e+02
-1.501228996418217093e+03,-1.284424624211000321e+02,-3.690406883683733099e+02
-9.290582213093198334e+02,-1.247607831339745132e+02,-1.369291527122294383e+02
-8.862317743714561402e+02,-1.253549450636720763e+02,-6.772135734148257979e-01
-1.457890519435890383e+03,-2.499102684593174502e+02,-1.298242032905623944e+02
-1.412142334015008373e+03,-1.383182035030490624e+02,-3.836744765501050551e+02
-9.578354857748541917e+02,-2.785097958394635498e+02,-3.152425147452923966e+02
-9.632155524829423712e+02,-1.288043505173973244e+02,-3.453929228730251655e+00
-7.719880170834634328e+02,-2.641026938883987896e+02,-1.288343797200579104e+02
-7.855991104478770239e+02,-1.271798855995965880e+02,-2.623182144304797134e+02
-9.004596602311204379e+02,-2.654521119706269019e+02,-1.281260519079211520e+02
-6.986725036706280889e+02,-3.517424743531432227e+02,-2.727520784520934853e+02
-1.441245821224340034e+03,-1.253978211468415083e+02,-2.785888564836624948e+00
-8.640610117645487662e+02,-4.551014425638306307e+02,-1.270442643369193689e+02
-1.183984816889363628e+03,-1.259527080933518448e+02,-1.235973479635493533e+02
-7.623275007828356138e+02,-1.245504501662812089e+02,-1.230539044131147506e+02
-8.173249716518872674e+02,-8.961659965023069940e-01,-1.309239788556963049e+02
-8.786003586229344364e+02,-2.478416606087297112e+02,-9.105005699964897614e-01
-9.668443569646174183e+02,-1.278033163187846952e+02,-1.287971539878519991e+02
-1.140518974597604256e+03,-2.688847558881419104e+02,-2.554509222650723075e+02
-9.651298285532495811e+02,-1.283399430210486116e+02,-1.310383552773109841e+02
-7.544469598758887514e+02,-1.269220884146854900e+02,-1.278658113903664599e+02
-8.755129999744523275e+02,-2.534002875361668146e+02,-3.950866678667313181e+02
-8.276493384255753654e+02,-1.275202766069749458e+02,-1.315053404847719207e+02
-8.908368166191122555e+02,-1.075681906226402695e+00,-1.254422028219008496e+02
-7.445776104476551609e+02,-2.830384166085597144e+02,-1.378774175773967841e+02
-8.708842329818087364e+02,-1.287838326526382389e+02,-3.220266732316578668e+02
-1.308844543331511886e+03,-1.244966984092711337e+00,-1.240901464173052204e+02
-1.079173834887524436e+03,-1.289478518237716855e+02,-1.297860088792033082e+02
-8.495850230419176796e+02,-2.535972046429714624e+02,-1.284991136497093294e+02
-9.953710675022381338e+02,-1.235989786737452363e+02,-1.287818010425304465e+02
-1.167001028661575674e+03,-2.707084181633423441e+02,-1.314805763808989525e+02
-9.898628629771817486e+02,-1.269916932682336324e+02,-2.554517331550252663e+02
-1.197274009547489413e+03,-2.662771327395752223e+02,-2.782224152493203633e+02
-1.223413872526174373e+03,-1.264974978435757436e+02,-2.737435346285423634e+02
-8.765271697111231788e+02,-3.896915737474564594e+02,-2.957737738124972111e+02
-7.738557611599344455e+02,-1.368862190252372955e+02,-1.371994694111517958e+02
-9.647357802494796033e+02,-1.298657224320028547e+02,-1.283112511513739378e+02
-7.842373860926845737e+02,-3.548151314311935494e+02,-1.736845220468883566e+00
-1.061630122488854568e+03,-1.275114688622992389e+02,-1.307180689719007773e+02
-1.215444924003018514e+03,-1.269481410155171091e+02,-1.351837309122221598e+02
-1.122834297317880782e+03,-1.320633739686921047e+02,-4.939048360140457703e+02
-8.694704193157741656e+02,-2.092020535718289054e+00,-2.544470861792334233e+02
-1.386352734411414076e+03,-1.252236560283332096e+02,-2.753553638228204363e+02
-8.706840438624751641e+02,-2.608980154158178379e+02,-2.655015446643578798e+02
-9.806701354685867500e+02,-1.282837030243139509e+02,-4.302098956596876747e+02
-9.635528142317120910e+02,-1.278098077898994234e+02,-2.970458006622766334e+02
-1.062992286140354281e+03,-1.294803265783920665e+02,-1.764993456555971951e+00
-1.091227813693073131e+03,-3.768231214132836726e+02,-2.525432175430793222e+02
-1.148657244936694724e+03,-4.060279270138331071e+02,-1.297546012167275080e+02
-1.003555138889549426e+03,-1.287028306670207485e+02,-2.638188884910348406e+02
-1.226054887369352628e+03,-1.287150644665175605e+02,-2.635897363948069483e+02
-1.224990249473876702e+03,-3.137282328763649097e+00,-1.337393196731533749e+02
-7.725979994843632994e+02,-4.546840275459728105e+02,-2.828572077088887227e+02
-9.984258677133086621e+02,-3.828185751657800324e+02,-2.656970281941847816e+02
-1.387424627015399892e+03,-5.116298514096074541e+02,-2.581014875201003065e+02
-1.396646361611620250e+03,-2.740544821329002456e+00,-3.864119559835043294e+00
-8.831833173092030620e+02,-2.722723053340796469e+02,-3.900616837685983000e+02
-7.425825129125468038e+02,-1.097195084992208525e+00,-3.658093292643395671e+02
-1.219369135511775539e+03,-1.268488401690411962e+02,-1.256209912356342500e+02
-9.739706648893894680e+02,-2.637087925012423284e+02,-2.502073631730486625e+02
-7.621431587037420741e+02,-2.998826821987027529e+02,-1.383345153472045119e+00
-1.092742832689595616e+03,-1.277867539347327011e+02,-2.594945557574925488e+02
-1.035088652978114396e+03,-3.345417650250272459e+02,-1.317746543600689790e+02
-9.692979332344333443e+02,-1.325638380532592748e+02,-1.347373745491761099e+02
-9.080361461861110683e+02,-8.972757396489612347e-01,-2.634453062986660257e+02
-7.759125037387032080e+02,-1.318598521180504406e+02,-2.584488840157126219e+02
-1.213170546276601272e+03,-2.667108283074349515e+02,-1.321965191083296531e+02
-1.328354944126430382e+03,-2.530797382951122927e+02,-3.020132726515622039e+02
-1.092660221389122853e+03,-1.390516281832616698e+02,-3.191252891360704211e+02
-9.073352669115450908e+02,-1.288070199565844973e+02,-2.657343597099686576e+02
-1.409683893597886708e+03,-2.602421261555880960e+02,-1.050702461618780337e+00
-8.939231159497901444e+02,-1.321401589113218904e+02,-1.271900185633535898e+02
-6.386331982679444081e+02,-1.331379569867023918e+02,-1.184072440732610865e+00
-8.379055001544460310e+02,-3.613161788400547607e+02,-1.354251952116188988e+02
-7.723385378403944515e+02,-3.972325337370924103e+02,-3.895058890211446965e+02
-1.206309572565895905e+03,-2.212234383823914907e+00,-1.319420566872902043e+02
-8.639587516508577210e+02,-2.921726505772488167e+02,-2.537494541036570297e+02
-8.950203599039076607e+02,-3.763433350677883027e+02,-3.336115088192605160e+00
-7.456781323120510478e+02,-1.314255637797843690e+02,-2.520460547044006319e+02
-9.950487739380656649e+02,-2.686406843037877366e+02,-2.546246268517051874e+02
-1.279335092795722630e+03,-3.822468558738956403e+02,-2.618822690715572321e+02
-7.567429785598512808e+02,-1.537942868803304918e+03,-2.549365452147360713e+02
-1.234970910889794595e+03,-2.598650758663479223e+02,-1.343308655580814275e+02
-1.148954638930196779e+03,-1.332970193407809916e+02,-3.288639139533422622e+02
-9.593653151114051525e+02,-2.468467643488442320e+02,-1.313106977189072211e+02
-8.124234178740626930e+02,-1.307121347962892344e+02,-1.312838442388477347e+02
-1.001122962397350420e+03,-2.580646876844962208e+02,-2.786089057159751974e+02
-1.025125308031618488e+03,-1.303564859279805717e+02,-1.302181055335277051e+02
-8.850553389235116128e+02,-3.744032046874538082e+02,-1.304099242279621649e+02
-1.276225193878375194e+03,-1.026925093717579118e+00,-5.866707187540457653e+02
-7.885326193330264459e+02,-2.727226902694998785e+02,-1.320766355163859487e+02
-1.446709175601675497e+03,-1.359031225517676660e+02,-1.312898205767302500e+02
-1.093007916076338688e+03,-2.694136992912726214e+02,-6.434974127600144200e+00
-1.474017322974166746e+03,-2.604026870192428191e+02,-1.313526537831950236e+02
-7.831412314358105959e+02,-1.271825051909420807e+02,-1.313556565121231188e+02
-1.110097170866130227e+03,-2.917258058925648925e+02,-3.561936257494749043e+02
-7.658244425843633962e+02,-1.269694412138316153e+02,-3.922586668414812152e+02
-1.191383049550385977e+03,-2.596113790754473598e+02,-1.264190311794369137e+02
-9.671137088732295979e+02,-2.465562776674800318e+02,-1.315612093767895772e+02
-1.234648407087789110e+03,-1.291079459774815916e+02,-1.295205481241980863e+02
-9.047303512656576459e+02,-3.600223132235477692e+02,-1.384155164285438104e+02
-9.748676954833770196e+02,-1.258127783288155399e+02,-3.712552782977682000e+02
-1.229015826379397140e+03,-1.274391146388872613e+02,-1.323716842439918082e+02
-8.645532031212999300e+02,-2.451186107996075236e+02,-2.654135654146905949e+02
-8.828770339990027196e+02,-1.348178392551895399e+02,-3.788040759863378639e+02
-1.511811092475619716e+03,-2.574877799626402748e+02,-1.322677015540887737e+02
-9.912155294681374471e+02,-1.284557170228045209e+02,-2.477049454498427394e+02
-1.212699696502442748e+03,-2.605547258994563435e+02,-2.725150815151663437e+02
-1.528321732201855184e+03,-3.893813376099924426e+02,-3.724721574273811484e+02
-1.263645758002620823e+03,-5.931334446161768525e+00,-2.490764352471032339e+02
-7.341501813314908986e+02,-3.908274690284019925e+02,-1.272033738521122217e+02
-1.059712015820202851e+03,-4.657580677886782610e+02,-1.306388411574030783e+02
-9.543797164354759843e+02,-1.002031507129173438e+00,-2.511551229664336233e+02
-1.070217022230265457e+03,-1.282496150303112756e+02,-8.522467890586347128e-01
-7.592267564865535405e+02,-3.701884715168642970e+02,-1.309840388130768645e+02
-8.428146804489174428e+02,-3.767839136648577778e+02,-1.251849285845845685e+02
-8.558436041312628504e+02,-1.259473448838302403e+02,-1.290367192318822731e+02
-6.288675129569762703e+02,-1.257529032496527037e+02,-1.258707918060382553e+02
-8.498689401573926716e+02,-2.476249766257895430e+02,-1.294651585394741460e+02
-9.045292356869758805e+02,-2.568067077539546972e+02,-1.782156409447623213e+00
-1.486482363453326798e+03,-1.264082833773945964e+02,-1.317934604855908276e+02
-1.201653808927972932e+03,-1.288144900147323995e+02,-1.577865739760118124e+00
-1.097225679590757863e+03,-1.272852225750391284e+02,-1.304741969363349483e+02
-8.618730767299202853e+02,-1.272046099907960723e+02,-1.346768192017656531e+02
-1.062978219587763988e+03,-1.272277972899730258e+02,-1.334467774412974279e+02
-1.081089043378895667e+03,-1.306667728522067478e+02,-2.570808958847030112e+02
-1.086929133881531925e+03,-2.484183035821160104e+02,-2.351232643746616446e+00
-7.605142241946509785e+02,-3.056178441580354388e+02,-1.309788690119991657e+02
-1.121846675772609615e+03,-1.314903339739919943e+02,-4.127711461550224499e+02
-7.660236354090729947e+02,-2.440254611280728056e+02,-1.270566216916176643e+02
-8.921596377862210829e+02,-1.286861773568060414e+02,-1.267205388080864026e+00
-8.937556439561257093e+02,-1.339628539505441154e+02,-1.359564907867058992e+02
-1.198832437812577609e+03,-8.487816263000567130e-01,-1.302671585613053367e+02
-9.647554304275486174e+02,-1.292251448866547321e+02,-8.774401352927603259e-01
-1.360371577419957248e+03,-2.694780003005294589e+02,-1.876606826195083677e+00
-7.480614339153581795e+02,-1.234689461667333745e+02,-1.459539324587534326e+00
-7.673839969037284163e+02,-2.458323764683386230e+02,-1.318247403043536110e+02
-8.610741716823088154e+02,-1.274612435990604098e+02,-1.280127213132944348e+02
-1.026513651880384487e+03,-1.329962434079800175e+02,-1.279598349491952547e+02
-9.821842351266769811e+02,-2.489545581151849376e+02,-2.529947241883114941e+02
-8.978408100849642324e+02,-1.191754146561430900e+02,-2.610989405445134253e+02
-8.840873377212511741e+02,-3.690671236982464052e+02,-1.313040564432009774e+02
-8.488877270370074939e+02,-2.675608633824126059e+02,-1.308887147139698754e+02
-8.998901580228056218e+02,-2.446326733700310569e+02,-2.198558219933476998e+00
-1.294171972724152738e+03,-5.951810003919202341e-01,-1.932247172936877311e+00
-9.828972603400491153e+02,-2.438154940038274674e+02,-2.534075518619981437e+02
-8.866756270034316003e+02,-1.282212570364235376e+02,-2.686259933656263001e+02
-7.555555435096723613e+02,-2.667835183286242682e+02,-1.391901658409798017e+02
-7.636790294325899140e+02,-2.435534484636081629e+02,-1.298764418624519124e+02
-7.807428969614121570e+02,-2.597352122803553698e+02,-3.794893989046860838e+02
-1.083630130794535489e+03,-1.278009079344119101e+02,-1.329620585801007167e+02
-1.191247867217995008e+03,-1.349520732394851450e+02,-1.247923846987338408e+02
-8.826791667005892350e+02,-3.085986864693654752e+02,-2.470394597543076713e+02
-8.682443366526510999e+02,-3.026851116690467620e+02,-3.605513457473652466e+02
-7.329268857884046611e+02,-3.751539956632761346e+02,-1.442069724564593924e+00
-8.610078674794975768e+02,-3.683386872640215870e+02,-1.080665486668503039e+00
-8.945156722708023835e+02,-1.049722069837328853e+00,-1.251007882119944128e+02
-1.093607854647658542e+03,-3.798070421351030177e+02,-2.459574206370321008e+02
-8.685524328918010042e+02,-1.302148614850407853e+02,-1.304320661564418913e+02
-9.694720357662074548e+02,-1.283015048589405751e+02,-1.260635025398413234e+02
-1.224736682183400717e+03,-2.715191922918102136e+02,-1.293314918450517155e+02
-8.555065587176462714e+02,-1.275901356987386492e+02,-1.322358159830184547e+02
-8.817043345648278319e+02,-1.244345829205927458e+02,-2.702798564828872827e+02
-9.982366862685129263e+02,-3.727472518651459268e+02,-1.268309958036896177e+02
-1.467972390521597845e+03,-1.287249767275719989e+02,-1.359721332646158203e+02
-7.756141555226922719e+02,-1.314480451041895321e+02,-1.287935345504932911e+02
-8.852424966353538593e+02,-1.259907089488561667e+02,-3.894304970138286990e+02
-1.296040357580477121e+03,-1.277090492286779266e+02,-5.275014662009193671e+02
-1.085769864016389874e+03,-1.290811066610639557e+02,-9.396157575200498879e-01
-9.771445963165879220e+02,-3.723461174157017126e+02,-2.006017191072755335e+00
-1.189066782722682319e+03,-1.290848677048972490e+02,-1.280387720191999961e+02
-1.343839609367175399e+03,-1.183616133613690664e+02,-1.538337113621606411e+00
-9.679454288930302255e+02,-3.861368427538844230e+02,-1.305667866235500867e+02
-9.662688844878769032e+02,-3.546861496580223427e+00,-1.322709673678796491e+02
-8.832333245207951222e+02,-1.259640048057205064e+02,-3.330775528421550575e+02
-8.689315160981792587e+02,-4.082464297192753975e+02,-1.308034152705332360e+02
-1.108396377968637125e+03,-2.623282443957558598e+02,-1.308545053364969704e+02
-9.931996336440622599e+02,-3.213103525616709248e+02,-1.279434162970186719e+02
-1.186681045839186481e+03,-2.454844568571564878e+02,-2.673936078732195938e+02
-1.343248356282760142e+03,-2.640845078737179392e+02,-4.237267847977950055e+02
-7.577346143100021436e+02,-2.458847715002652876e+02,-1.268518760956246041e+02
-8.667793272877019035e+02,-1.287233653903772108e+02,-1.240408147747187400e+02
-9.496805963857102597e+02,-1.748076220681849424e+00,-1.270509811977940728e+02
-9.812285309926110131e+02,-2.552572696056828363e+02,-1.329791812431425626e+02
-1.370775698727571580e+03,-1.286311289278434344e+02,-1.291623153252429006e+02
-8.737156605402660716e+02,-3.201558664454252039e+02,-2.506396097958793519e+02
-1.139603969722372085e+03,-3.976023999029423521e+02,-1.301399773674253026e+02
-7.975800654233627256e+02,-1.298772819419185396e+02,-1.284641155227087950e+02
-1.301530097716111186e+03,-1.258427078893263626e+02,-7.878354810037720979e-01
-1.081913246856833666e+03,-1.171676547118053024e+00,-9.124480134273906806e-01
-1.184710639768621149e+03,-1.286693772031693186e+02,-1.347074140366846962e+02
-1.077815532229334394e+03,-2.625983551691062985e+02,-1.305538104675317754e+02
-8.923063594749332879e+02,-2.561394798396775627e+02,-9.620711532398128485e-01
-8.794200784024413906e+02,-1.422509462305218619e+02,-2.561361634378104100e+02
-8.603413290010078072e+02,-2.754380160642194824e+02,-1.363436339839925040e+02
-8.910843996043528250e+02,-2.539776393600237725e+02,-1.263895857656079187e+02
-8.505047084756382674e+02,-1.275117698593783331e+02,-1.252838101215860576e+02
-1.419185504048569328e+03,-1.284203572190116631e+02,-1.278315513162954318e+02
-1.194074688756051273e+03,-1.342847227524253810e+02,-1.281764859996478378e+02
-1.338904165098530939e+03,-1.289119455726232957e+02,-2.608558595777266760e+02
-1.072059832587903657e+03,-2.657499777391939801e+02,-2.450349227832258237e+02
-9.879388122613447649e+02,-1.286410523096122063e+02,-2.626460889809595187e+02
-8.539314923917031592e+02,-2.636196908156323957e+02,-2.812437332056950368e+02
-7.361635488343373481e+02,-9.373487576247385711e-01,-1.294659897624650569e+02
-1.092399067352150269e+03,-1.283335066127308437e+02,-1.297208253166577663e+02
-7.535901669724649992e+02,-3.883517612426735468e+02,-1.287997663359691387e+02
-1.011477475169233458e+03,-1.127729923374713339e+00,-3.583622338336073909e+00
-7.507377969857725475e+02,-1.291404549885400854e+02,-1.298315064187970052e+02
-8.006290275318685872e+02,-4.087774027700916690e+02,-9.226668145523947429e-01
-9.661294480344632802e+02,-1.265044285294594033e+02,-1.297580848802904256e+02
-1.051011429585888436e+03,-1.309422860327885587e+02,-1.310806248628555579e+02
-1.128268224513957648e+03,-2.741562768907404006e+02,-1.194891358974515816e+00
-8.776411727825178559e+02,-3.627535660897772800e+02,-2.567001040767203222e+02
-1.079818969024021271e+03,-3.220108308936054868e+02,-2.644167275246972508e+02
-1.363748646600944994e+03,-3.826811416409233857e+02,-1.263788033798760893e+02
-1.079579232608791926e+03,-1.313111649096517510e+02,-1.039806347847737955e+00
-1.638844358208849371e+03,-1.293392965151992371e+02,-1.248490333575325621e+02
-8.758769099037591559e+02,-1.284745142503419402e+02,-1.275847259553183619e+02
-1.176100883942082419e+03,-2.483118067201565111e+02,-1.322497083035645460e+02
-1.124452065264963949e+03,-3.551245456677468724e+02,-2.594239839657984135e+02
-1.057670471944899418e+03,-1.324438137986070672e+02,-1.297309379054588305e+02
-9.688521326033361447e+02,-2.780820916484182703e+02,-1.285602913264847018e+02
-8.503110868577834935e+02,-1.314849011209488481e+02,-2.465757294278097334e+02
-1.234636900137150633e+03,-1.386020506208447785e+02,-2.856959093715853442e+02
-9.578800932301195417e+02,-1.032763724354817114e+00,-8.155511681227854970e-01
-9.930416204324283171e+02,-3.271200920041941185e+00,-1.296553922211149938e+02
-1.190126467732537776e+03,-2.619330479627864747e+02,-2.643884271116637592e+02
-1.318273866406779689e+03,-1.334736877623062981e+02,-2.473213515910631770e+02
-8.804498682989121789e+02,-1.287201468111982479e+02,-2.869201662047865398e+02
-1.601883299410472318e+03,-1.340576310969964311e+02,-1.323312902339284562e+02
-9.002372977479888050e+02,-2.213778528432865045e+00,-1.350461482051968289e+02
-1.311854699871779076e+03,-1.260857836061260855e+02,-4.086928312386806539e+00
-8.824651887601264661e+02,-5.282120303751621577e+02,-2.512052278188874084e+02
-9.217646813197507072e+02,-3.584034651147025556e+02,-3.844675036645614910e+02
-9.739193266311381194e+02,-1.263868898255304600e+02,-4.034867824170502217e+02
-1.367234749242652015e+03,-1.301254095198752907e+02,-1.271870387073513200e+02
-9.978596172045274670e+02,-1.275698716301203461e+02,-2.502433502514287795e+02
-1.182943688798066205e+03,-3.752060670399504261e+02,-1.297130721815406105e+02
-9.057310975547159160e+02,-1.297429224279502762e+02,-1.292158374307659869e+02
-1.221072373354518732e+03,-1.268362205001769354e+02,-2.809667483015417702e+02
-8.812770490722183467e+02,-2.646669790730283012e+02,-1.266329249285495564e+02
-1.085016656190508911e+03,-2.573175958944090098e+02,-4.768516760151741209e+02
-1.002540640263725322e+03,-1.239506942785689461e+02,-2.678152003366211602e+02
-1.236931105707959659e+03,-2.530246769898623711e+02,-2.516943897836568738e+02
-1.173624348515943893e+03,-1.307911856789568787e+02,-2.699244977950223188e+02
-1.428020407170123235e+03,-1.283239876717378820e+02,-1.365869456957040313e+02
-1.071939786320046778e+03,-1.275412082819282489e+02,-3.726117964535790179e+02
-7.693253424779555871e+02,-2.624468132039267516e+02,-1.701650369171373800e+00
-1.083114060981094326e+03,-1.286399045452709231e+02,-3.953213225746734452e+02
-1.210156763485375450e+03,-1.306552010142624454e+02,-3.092869615992684658e+02
-8.745655059327569916e+02,-1.318934567043128823e+02,-1.294556212753611533e+02
-9.611540512373921956e+02,-1.240504169947929967e+02,-2.568333047567274434e+02
-8.912977266044591715e+02,-1.291364867573622348e+02,-2.560468814600325231e+02
-9.442637142605112786e+02,-2.615575521265053567e+02,-1.346502487871593985e+02
-1.004077951558187351e+03,-2.621271864628662911e+02,-1.283013162361827995e+02
-9.714605078720397842e+02,-1.156389031180653726e+00,-4.291256048498946143e+02
-1.216297327146070302e+03,-2.496426139715180739e+02,-1.307479117172656515e+02
-7.658850463353059013e+02,-1.321369255834227090e+02,-3.730053547404049823e+02
-1.467995734403575625e+03,-2.478532051783481052e+02,-1.299808057883279275e+02
-9.014071165154895198e+02,-1.289018661712865423e+02,-1.291601209816586504e+02
-1.226859759947039720e+03,-1.864788949145224084e+00,-1.268404889633175214e+00
-1.120057953010675874e+03,-1.270847013368979219e+02,-1.432537158888875126e+02
-1.129338770294850519e+03,-1.189855907894309013e+02,-1.407330439708043741e+02
-9.586306989272910641e+02,-2.592763576796330653e+02,-2.596870327585826317e+02
-1.021282941802674031e+03,-3.326021081585662564e+00,-1.282047242742878268e+02
-7.566239796079327107e+02,-1.315063859885714805e+02,-3.765224739190002765e+02
-7.537719278297934125e+02,-3.803823146570850326e+02,-3.594562913669953446e+02
-9.310637783460690571e+02,-1.289323088885479081e+02,-1.299711965586760982e+02
-1.484953473907782382e+03,-1.523777442492172618e+00,-3.167913257870150687e+02
-9.683037025033127065e+02,-3.220785786499823722e+00,-3.924168528931098763e+02
-7.827052881582117152e+02,-9.391615166998401598e-01,-1.271229085767823648e+02
-9.643259998320877457e+02,-8.884691466223149092e-01,-7.399819088294020686e-01
-1.207817478164842896e+03,-3.693157405422757051e+02,-1.252922638903259411e+02
-1.069825444373815344e+03,-9.481820991288373301e-01,-1.265993844914777071e+02
-9.400461260146029190e+02,-1.297166376283921352e+02,-2.540480903897411054e+02
-1.299654747923377727e+03,-2.678314454196904535e+02,-2.477848978298702320e+02
-6.413202701281030613e+02,-1.379310433765318180e+02,-2.805369441794840100e+02
-1.070283993151895174e+03,-1.032565613479052180e+00,-1.312352108788407463e+02
-8.570863928373078124e+02,-3.753879657114654833e+02,-1.308416667745567850e+02
-7.441156237058188481e+02,-1.374269665941184542e+02,-1.303917287806326044e+02
-8.903817350270517181e+02,-1.322232136591351548e+02,-2.601095829918787103e+02
-8.952523508690735525e+02,-1.265270079012076536e+02,-5.925817947552951992e+00
-8.783362914169081250e+02,-7.895341959456514402e-01,-3.739816313380431438e+02
-7.517481146351126426e+02,-1.109341459973750554e+00,-2.583457164616426098e+02
-1.236661640744896658e+03,-1.348283322498006669e+02,-1.251901321721077665e+02
-1.284310630827774048e+03,-1.329695102617396572e+02,-6.400922249322070767e-01
-1.206119379041669163e+03,-3.586440403582129193e+02,-1.302067130527300378e+02
-1.675233983892352853e+03,-2.568213839542506776e+02,-2.662676169480386079e+02
-9.601471842067830949e+02,-1.289929176960837367e+02,-2.607321302759057744e+02
-1.034723805859873210e+03,-2.827450756822942708e+02,-1.268983922969480886e+02
-6.435885533080164578e+02,-1.710733604172043565e+00,-3.712810111006699003e+02
-1.056315594399753081e+03,-2.707629988342391130e+02,-2.694446691471675877e+02
-8.803923253633323611e+02,-1.383359513986905256e+02,-1.330078439349958899e+02
-8.905774097216243490e+02,-3.414156083198825513e+02,-2.716942048580530127e+02
-8.824175355427515797e+02,-2.556689719710228417e+02,-1.326815220255611791e+02
-7.748246808161375156e+02,-1.121353621899146225e+00,-1.303935124177070008e+02
-1.071669654443689979e+03,-1.278450502183430473e+02,-3.483516354647164803e+02
-1.058564220356566238e+03,-7.821486195955150711e-01,-1.268573552061169210e+02
-8.844388835489120311e+02,-1.349375108504718526e+02,-2.540611727296831361e+02
-8.694609762478784205e+02,-1.351065814283956570e+02,-1.276434750924079964e+02
-1.493694288937533202e+03,-3.609347476362487441e+02,-2.467122768229450855e+02
-8.527401247369438124e+02,-1.289175623995466538e+02,-3.178647754885062682e+02
-1.217590134841459758e+03,-1.227286893448821843e+02,-1.287454879135758290e+02
-1.328893239528308186e+03,-1.316685560506441561e+02,-1.277157904081617801e+02
-8.970573109240373242e+02,-1.280212817634498776e+02,-2.656470885694611752e+02
-1.583997145730460034e+03,-7.637935153729494830e-01,-3.785086339815540555e+02
-1.079215427085384590e+03,-8.793655532430900621e+02,-1.296438577025205916e+02
-8.998925147245796552e+02,-1.277102344221477779e+02,-1.320212830278236140e+02
-1.062170486118562394e+03,-2.559469973777992493e+02,-1.291038898129679637e+02
-1.085968229067498896e+03,-2.625476492672837026e+02,-1.273968134070795770e+02
-1.422557253732640902e+03,-1.292998896418072263e+02,-1.364511198096642897e+00
-9.788735178976545512e+02,-2.779977714388938921e+02,-3.743413405376071523e+02
-5.017440422748953210e+02,-1.317585302153750320e+02,-1.285066850900735176e+02
-1.381682816508713586e+03,-2.683494224745888346e+02,-2.624442562974119824e+02
-1.127446175310763920e+03,-3.698431959863096807e+00,-1.298044315550036174e+02
-1.528420789830365038e+03,-1.278786358106873848e+02,-3.076274978567066682e+02
-8.824040981252248912e+02,-3.729711607950110874e+02,-2.476177759826616978e+02
-8.881323012562796748e+02,-1.264126854119583214e+02,-2.665604903781593862e+02
-7.551603203798684945e+02,-6.295382284187897026e-01,-1.248367348441500866e+02
-1.002985684604928451e+03,-2.714145141815664601e+02,-3.876166898390264919e+02
-9.276884106170509767e+02,-2.627607028076571964e+02,-2.595618574885997987e+02
-9.224043035731267537e+02,-2.682422463170363471e+02,-2.508784513088983203e+02
-1.219122658250004406e+03,-2.777467683840952191e+02,-2.786143783954100286e+02
-1.217697114092828542e+03,-1.275468626990451781e+02,-3.836599169242728067e+02
-1.377783977335687950e+03,-1.275605287354592434e+02,-1.265831469642365477e+02
-1.375533661161849068e+03,-4.616849526427107553e-01,-1.700926974422344973e+00
-1.179963357442487222e+03,-1.306726134180502470e+02,-1.240386055275479151e+02
-1.045369476615340545e+03,-1.290719323013998974e+02,-1.294925896663285698e+02
-9.700542830056996308e+02,-1.266520780681959621e+02,-1.308051121383811051e+02
-9.928141294088895847e+02,-3.654360858024459731e+02,-1.314459848343391002e+02
-1.234588395144289507e+03,-2.237889909276484346e+00,-3.858814905316717159e+02
-1.080282431701406267e+03,-4.753889955422171170e+02,-1.314594786494379548e+02
-9.577788587953791648e+02,-1.308861085022327586e+02,-1.265520938562542597e+02
-1.532227979706799033e+03,-2.640819485699645952e+02,-2.659694813571062468e+02
-1.054148204997651192e+03,-2.759031918493153057e+02,-1.303877682440559624e+02
-1.055178823083066163e+03,-2.616062083409026968e+02,-2.786967244130376002e+02
-1.427229431209927952e+03,-1.315557308185909733e+02,-1.223622499344616301e+02
-9.461240858590455218e+02,-2.920779287922182448e+02,-1.314732068506664859e+02
-8.693469110546878937e+02,-1.268976403885610296e+02,-1.275043400618980485e+02
-9.568735188727558807e+02,-3.524987012951134258e+00,-1.258921374800607538e+02
-1.197419110413777616e+03,-1.298836698259555362e+02,-7.665553968953952024e-01
-8.898221827179221464e+02,-1.333360219084583775e+02,-1.269789339138095414e+02
-1.071002068418116323e+03,-2.593191856175008070e+02,-1.276249854563567396e+02
-1.175567367636089330e+03,-1.252060622537048289e+02,-1.569536276047609258e+00
-1.189466635798550215e+03,-5.817650165756135721e+02,-2.485904911413810794e+02
-1.113841504688791929e+03,-1.265061228022214266e+02,-1.268088198525181696e+02
-1.132707174590505929e+03,-3.639221304924705578e+02,-1.259674057759989863e+00
-1.063967228607512880e+03,-1.534893445089676561e+03,-1.336674569343870189e+02
-7.630611065019136277e+02,-2.432392060747641267e+02,-3.520417123422285410e+00
-8.485481897662693882e+02,-1.301678784710828438e+02,-1.286641031351365143e+02
-1.417758249021105712e+03,-1.252999581906428546e+02,-1.256365765630626754e+02
-9.077840028142575193e+02,-3.711858395841530864e+02,-1.288561295313173787e+02
-1.329462553735120082e+03,-1.976585897417127535e+00,-1.279631236824430687e+02
-1.199161932533376103e+03,-1.253366782872860057e+02,-3.817758440559332485e+02
-1.085029270071993778e+03,-2.603253557997966823e+02,-3.045716133677957487e+02
-8.068319287828655888e+02,-1.257653446889231361e+02,-2.024950851529907059e+00
-1.181572761208788961e+03,-1.222835953524609920e+02,-5.226943335859192130e-01
-9.086967979206352766e+02,-3.727078538517089328e+02,-2.080474201592252825e+00
-7.620680775524519959e+02,-1.315123053336062071e+02,-1.309209034369141591e+02
-1.044366273339148847e+03,-1.312460042858161557e+02,-3.158693711193379841e+02
-1.255964398768775027e+03,-3.614467615168932753e+02,-4.162996890438982689e+00
-9.038770559288585673e+02,-1.273603933004774262e+02,-1.252807153825556981e+02
-1.354191773135945141e+03,-4.445164587669559637e+02,-1.401988026766678104e+02
-1.098231599462102167e+03,-1.293852578432170048e+02,-3.729946751511404273e+02
-8.861870068891870460e+02,-3.635380490354343124e+02,-1.306528563522420825e+02
-8.437739768615679168e+02,-1.248808393943465376e+02,-1.298313808937779186e+02
-1.100344831822712194e+03,-2.624209161724066917e+02,-7.558025896606679339e-01
-9.635150920643402515e+02,-2.532453522776714578e+02,-1.266795181553478500e+02
-8.788303407436380894e+02,-1.253305760246109912e+02,-1.279439276795446858e+02
-9.615662683425171053e+02,-1.434813237020061250e+00,-1.383773064901396310e+02
-1.451294665705866464e+03,-1.306649821883871425e+02,-4.372930682669731937e+02
-1.290873830507413231e+03,-1.308461859562095242e+02,-6.269487572867150638e-01
-1.429078506041593073e+03,-3.692355381263278105e+02,-1.309020848444172600e+02
-8.912849940719621600e+02,-1.328986185073119941e+02,-2.612311934318012163e+02
-1.081677152908919652e+03,-3.545367785845738808e+02,-4.626021531079181841e+02
-1.013896324553191107e+03,-2.418411737265713555e+02,-2.611066719273346735e+02
-1.091554726782498619e+03,-1.282018224776311968e+02,-1.269991993436546380e+02
-7.443606202020038154e+02,-1.302931099172664062e+02,-1.266244212774159337e+02
-8.294976215678225344e+02,-1.310399408781035788e+02,-1.281928088118705773e+02
-1.196173814948966537e+03,-1.276279532763544751e+02,-1.271840769392319430e+02
-8.966919066076293348e+02,-2.768995206319568751e+02,-1.306009366078717733e+02
-9.946166246365023653e+02,-3.798869710571945006e+02,-1.326603878158389591e+02
-9.615847982578612800e+02,-1.287580120007795017e+02,-1.312061483183633470e+02
-1.500607890730748750e+03,-2.610504711628888863e+00,-1.372616389115243294e+02
-9.629900921980287194e+02,-3.970373263103267050e+02,-1.310728444889817865e+02
-9.513927812053400430e+02,-1.271625999620442116e+02,-3.745194607321944318e+02
-1.349772916676868817e+03,-5.758958174516507489e-01,-1.240253371178819179e+02
-9.657841670580565960e+02,-3.795953928776381758e+02,-1.263016852787757074e+02
-9.802418975880727885e+02,-1.620412224234161647e+00,-5.095766118373599625e+02
-1.325013081189438708e+03,-1.619709713867803158e+00,-1.292424847026646262e+02
-1.242150239706855928e+03,-1.278957823543477446e+02,-1.578785688090638129e+00
-9.198847532427415672e+02,-2.598212805477816687e+02,-1.259935558220806513e+02
-8.936651926962629204e+02,-2.753466494430866760e+02,-1.322058712823658766e+02
-9.885904462565587210e+02,-1.286241868156504324e+02,-3.863704038088718562e+02
-8.627922542280679181e+02,-1.281847751237324076e+02,-1.296500559319161709e+02
-9.651677085954905806e+02,-1.265508433062996687e+02,-1.268401645783852274e+02
-8.879170138992786860e+02,-1.283744828312631512e+02,-2.578412519669094536e+02
-8.404245166447763040e+02,-1.208868271144914956e+02,-2.542053825003062855e+02
-1.221245564040037152e+03,-2.494689749443719222e+02,-1.290210270300449338e+02
-1.640390847050957063e+03,-4.944232279780771933e+02,-1.248027333450915819e+02
-1.223819850387531460e+03,-2.654689559158871930e+02,-3.053461151832916016e+02
-1.363960331097335711e+03,-1.307694227261483491e+02,-2.649460973563960806e+02
-7.614642714723410108e+02,-3.735879084894108360e+02,-1.286473179284543278e+02
-9.010901828813742895e+02,-1.257331769827807477e+02,-1.349953463617586067e+02
-1.257381882763538670e+03,-3.692953969117464226e+02,-2.471688168550843443e+02
-1.529808489002675515e+03,-1.226417804432797425e+02,-1.339645181698585930e+02
-1.092607903272841895e+03,-1.334031926917220119e+02,-4.581229827487438797e+02
-8.744908927301040649e+02,-1.274207338555446114e+02,-1.275622309871469469e+02
-1.116569110272900161e+03,-3.293867444956576378e+02,-1.291713379541161260e+02
-9.825048967836555676e+02,-6.438945141479105461e-01,-7.940010408942591580e-01
-9.823564261184982342e+02,-1.301867853839787017e+02,-2.554531236608286520e+02
-1.028304546049809460e+03,-1.215772175527935133e+02,-3.171987136823038327e+02
-1.019720919600335378e+03,-2.604992010820540145e+02,-1.337062642475900986e+02
-1.015776373803459819e+03,-1.346759680202870868e+02,-2.553899276072379507e+02
-8.416077912403468417e+02,-1.328448334946371290e+02,-2.647822398896551590e+02
-8.935374285638959009e+02,-1.339720440552615628e+02,-3.934640304433094684e+02
-8.593730062601210875e+02,-2.358812528953716736e+00,-8.934153114813545571e-01
-9.160807630912513559e+02,-3.695569381277844627e+02,-3.652121677961757769e+02
-8.684224009391612071e+02,-1.308515195629875336e+02,-1.307171294564416826e+02
-8.959241817752146062e+02,-5.389824262393926313e-01,-9.337649022774239249e-01
-8.789603544978697300e+02,-2.916289909330665751e+02,-3.410256900797124899e+02
-1.454760567127402282e+03,-3.949993350201161206e+02,-1.341322312161932189e+02
-9.552088147697390923e+02,-2.553565425310444255e+02,-2.432984916520796332e+02
-1.198308423517994697e+03,-3.627973292009841657e+02,-1.286498374223696146e+02
-1.122081424851248585e+03,-2.781917955609166029e+02,-2.720363548929286708e+02
-1.182115176246158398e+03,-1.307297472733116308e+02,-2.525328435206643860e+02
-8.913652182327894025e+02,-1.251987780222523838e+02,-1.303820060817057538e+02
-8.490328093740622535e+02,-1.260587410711567173e+02,-2.695579534657599652e+02
-9.904022401699518241e+02,-7.606792946251800025e+00,-1.322015033596802027e+02
