-1.208566471421521555e+03,-1.438053375906318252e+03,-1.695612226088306443e+03
-1.680473044043840446e+03,-1.674765089651432845e+03,-1.754338167317531088e+03
-1.320426019204787735e+03,-1.569133742733189138e+03,-1.297152932226205621e+03
-8.852283721294961651e+02,-1.457697278177033695e+03,-1.322449234648089941e+03
-1.067179334238741149e+03,-1.297584488036948187e+03,-1.493246062282126559e+03
-1.175440903048312748e+03,-1.251780599502682435e+03,-1.378439713997760919e+03
-1.538149734333652532e+03,-1.518561965018542423e+03,-1.434254257103508962e+03
-1.278903284975094493e+03,-1.309130870566638805e+03,-1.297183880068179860e+03
-1.429282208704255709e+03,-1.489258957768720620e+03,-1.588505854554406596e+03
-1.403513562710478254e+03,-1.505643281850869471e+03,-1.538528359000028559e+03
-1.283294788033597115e+03,-1.610363025382367141e+03,-1.423510265975186712e+03
-1.562383384334306584e+03,-1.337123424542697649e+03,-1.441962754461731720e+03
-8.697010417820729344e+02,-1.365913320769099073e+03,-9.173044134804595160e+02
-1.498837755159787093e+03,-1.685494406375488325e+03,-1.237485882571380216e+03
-1.482526652405782443e+03,-1.161917042838871794e+03,-1.086668702262951001e+03
-1.146485034277313162e+03,-1.474525319087818843e+03,-1.358734297789845868e+03
-1.027214547678520375e+03,-1.725304844699714067e+03,-1.422974561799591129e+03
-1.474375407988772849e+03,-1.572453519105044734e+03,-1.502768980822399271e+03
-1.337483161396482728e+03,-1.367258748530534149e+03,-1.466859356287159926e+03
-1.333710131772421391e+03,-1.366119967161480872e+03,-1.302898720640771671e+03
-1.501881544932878342e+03,-1.516061526709707096e+03,-1.241792038464708639e+03
-1.140139147358238915e+03,-1.634232064550269115e+03,-1.378934508675232337e+03
-7.410524166779108555e+02,-1.386666238590948751e+03,-1.342602938240999720e+03
-1.052650884182723530e+03,-1.643571347585031617e+03,-1.354869592191986612e+03
-1.382532014281609463e+03,-1.626424374241735450e+03,-1.369365892544067492e+03
-1.521371880035733511e+03,-1.534333112331377833e+03,-1.382587270637988013e+03
-1.038769380492907885e+03,-1.457253596251814542e+03,-1.263690404979749246e+03
-1.382449625845810715e+03,-1.388286240307491425e+03,-1.273435132399381928e+03
-1.260131274292554053e+03,-1.427438136636865238e+03,-1.359123436051102090e+03
-1.375448147922477801e+03,-1.039517831302773629e+03,-1.023614460810909236e+03
-8.618697035419711483e+02,-1.467326953247368465e+03,-1.362556586469562944e+03
-1.024698778026923264e+03,-1.501007993785934787e+03,-1.167355770657281255e+03
-1.717580296021622644e+03,-1.431856330102829816e+03,-1.175130249627487729e+03
-1.009698762458009242e+03,-1.416117867775193417e+03,-9.702770463770600600e+02
-1.017352312599863126e+03,-1.074813409307699885e+03,-9.037564447115705661e+02
-1.119116352105532314e+03,-1.391865428927524590e+03,-1.039715821773281505e+03
-1.076629362454066040e+03,-1.259857713168973305e+03,-1.031987401186919669e+03
-9.363933884346497507e+02,-1.321602341822463131e+03,-8.720043542842854549e+02
-9.878649947192584477e+02,-1.315670690284583088e+03,-8.978397418122291356e+02
-1.081016334679915190e+03,-1.458104739851196200e+03,-8.711704342851261345e+02
-1.026335803485421593e+03,-1.329036623281646598e+03,-9.840617338148196040e+02
-1.131843521330093608e+03,-1.218342278030351736e+03,-1.530037836965171209e+03
-1.177208511064142385e+03,-1.172937351425895940e+03,-9.935781817688249475e+02
-1.057560221627142482e+03,-1.459610717563526123e+03,-1.046939896539458687e+03
-1.456142747594070443e+03,-1.308911070507810564e+03,-7.827581526343980158e+02
-1.010636190067147027e+03,-1.432929738587916063e+03,-9.977120289960263335e+02
-1.017502831748125004e+03,-1.451032079082240216e+03,-1.083998142391284091e+03
-1.072891246416139211e+03,-1.498523812889086912e+03,-1.164706948583485428e+03
-1.384040208533136365e+03,-1.490766267270678327e+03,-8.898659551277405626e+02
-1.021733986240291301e+03,-1.264433400903967595e+03,-7.881897433206253254e+02
-1.389240470739845250e+03,-1.306601532201413647e+03,-1.081313425621097622e+03
-1.328158626222491876e+03,-1.139015772001562027e+03,-9.069136575576856103e+02
-8.696514793942463939e+02,-1.242090415426384197e+03,-9.869811217311436167e+02
-1.112655738095170136e+03,-1.277668426666833057e+03,-1.053678248594386105e+03
-1.198737585017063566e+03,-1.470538232828637547e+03,-1.264731849761916919e+03
-1.070832241030749174e+03,-1.488276748202123372e+03,-1.057330357585098000e+03
-8.746727317369280854e+02,-1.410167303553738975e+03,-1.140969980592536785e+03
-1.259514581280923039e+03,-1.417324277445580492e+03,-1.228062388095077040e+03
-1.203228947942081277e+03,-1.364650255034656084e+03,-1.032254531634676141e+03
-1.238855241768199676e+03,-1.334969986339112893e+03,-9.506906681435953033e+02
-8.702127865421471142e+02,-1.462040391688920408e+03,-1.193169658800351726e+03
-1.181853576955103563e+03,-1.456238891393780477e+03,-8.267764544031520018e+02
-8.778867275034057229e+02,-1.395762321742399763e+03,-9.574351575511760757e+02
-8.871153605912695639e+02,-1.355330552164040455e+03,-7.219450167418659703e+02
-7.379476211841455324e+02,-1.334407101213441138e+03,-9.024608931070553126e+02
-1.201182526560031420e+03,-1.384903840461045320e+03,-7.650845323022573439e+02
-7.541937994753202474e+02,-1.514454538821515143e+03,-1.111946826867246045e+03
-8.819339867238898023e+02,-1.489400261563210734e+03,-7.686973866314523320e+02
-8.822091834467146327e+02,-1.525785174579155182e+03,-9.225540003605351558e+02
-7.614536435296147374e+02,-1.482254310223400807e+03,-1.025334991569980275e+03
-1.312169958462062823e+03,-1.214714310709130586e+03,-1.169529022993510353e+03
-8.725437641927267123e+02,-1.266885086126615306e+03,-8.867935545962163815e+02
-1.325526772832890401e+03,-1.464590422653724318e+03,-1.027088043860811467e+03
-1.656875113155757390e+03,-1.336268495033642921e+03,-1.265297583708837919e+03
-7.521696609467156804e+02,-1.408697683970711978e+03,-1.021057872638588492e+03
-6.959193125078038520e+02,-1.194568399113866690e+03,-1.016312024345281998e+03
-9.150733500077191138e+02,-1.253412061656156766e+03,-1.049934358362904277e+03
-9.786390082288246504e+02,-1.253360048158267773e+03,-1.050894779348870770e+03
-8.656058919242628917e+02,-1.346513989422364602e+03,-9.700448506679048251e+02
-9.741255105832337904e+02,-1.304664593106399479e+03,-1.112329143158442776e+03
-9.967470443146989965e+02,-1.067820426697932817e+03,-1.152408014008906775e+03
-1.187758816455746455e+03,-1.319189640257874316e+03,-1.102548287055526544e+03
-1.026325128559209816e+03,-1.347122456285788985e+03,-1.151762482715467058e+03
-1.195885160060068756e+03,-1.255163149109434244e+03,-1.193150507963014888e+03
-8.550841350325864596e+02,-1.303569880087776482e+03,-1.060848562141898583e+03
-1.175864940176677464e+03,-1.548686977059218179e+03,-1.310973331900436051e+03
-1.714261759206682427e+03,-1.211538035747871618e+03,-1.238304274112920439e+03
-9.653600228924254907e+02,-1.498675069100297833e+03,-1.002309709115775718e+03
-8.573851727526010791e+02,-1.409680370764977852e+03,-7.673943371257256558e+02
-9.591026968716570309e+02,-1.220907833060683743e+03,-1.135448505118070443e+03
-1.272335923880117889e+03,-1.640508866971840234e+03,-1.165568035469382494e+03
-9.721618743327644552e+02,-1.178593196670135967e+03,-1.032166958908469041e+03
-8.560002294960597737e+02,-1.511680431778621823e+03,-1.017780291684540430e+03
-1.148982759089635238e+03,-1.276758740204581727e+03,-1.403165891680364211e+03
-1.221082972534004057e+03,-1.526134063443499144e+03,-1.468086367427839377e+03
-9.615797155139105143e+02,-1.347347395067012712e+03,-8.639874740223871186e+02
-8.149849099399098122e+02,-1.441816073424029355e+03,-1.002237548678171038e+03
-8.526274553728350156e+02,-1.611005207970109495e+03,-9.037850823078325675e+02
-8.593108014992280914e+02,-1.471070335443627982e+03,-7.692609856064569840e+02
-1.224494146841264183e+03,-1.373985080320383759e+03,-7.761315391623228379e+02
-1.492185616874724019e+03,-1.247674339386075872e+03,-1.351221733479874956e+03
-1.138494300438667551e+03,-1.401491297710710342e+03,-9.402267709678670826e+02
-1.484658824560536232e+03,-1.289687133775731809e+03,-1.454750267218827503e+03
-1.074843700862348896e+03,-1.507729387315920803e+03,-9.268157136615100171e+02
-1.183436023592764514e+03,-1.415558055811673512e+03,-1.542508063645987022e+03
-8.607298833495434565e+02,-1.531910270289155505e+03,-8.323087871129520181e+02
-1.357501109116675707e+03,-1.414782234669582294e+03,-1.374040554291309036e+03
-1.071346065998018730e+03,-1.495013147775771813e+03,-1.053761157251883105e+03
-1.337628046975937878e+03,-1.308377973980103661e+03,-7.814849305620349469e+02
-1.075554056530822436e+03,-1.354075661801571869e+03,-1.558707102412162385e+03
-7.550854349243843444e+02,-1.540790494942496480e+03,-1.271381116423146523e+03
-1.457547665245976305e+03,-1.447544336553796711e+03,-1.511820314806599981e+03
-1.183751182314297921e+03,-1.286605541363440807e+03,-9.079673374550708331e+02
-1.061663028170503821e+03,-1.302388912915337414e+03,-1.385877065019245492e+03
-7.509102265129077978e+02,-1.458212250921904342e+03,-9.325364981450262576e+02
-8.564098817919148132e+02,-1.543960713425992026e+03,-1.483839309724446139e+03
-7.576147016007080310e+02,-1.590766411011690252e+03,-9.588135455741307851e+02
-8.806725486563982486e+02,-1.272486014961521732e+03,-1.290156252550660383e+03
-1.095416990032792000e+03,-1.551277576519393733e+03,-9.345832843005467794e+02
-1.065229172665130818e+03,-1.404307394537716618e+03,-9.657774526094214025e+02
-1.110900950241650435e+03,-1.207773414636752250e+03,-1.452293026490999637e+03
-1.291356923897124261e+03,-1.611673821008298546e+03,-7.446582556760811258e+02
-7.576567598297583572e+02,-1.284570934910886763e+03,-7.971525363012417529e+02
-1.088453371888811489e+03,-1.206753132095186857e+03,-1.127997547099683743e+03
-9.778789610032921473e+02,-1.619460527620174844e+03,-7.677060626535172787e+02
-1.221809637561391582e+03,-1.597911581164845302e+03,-1.206808231893661286e+03
-1.352759922271905225e+03,-1.419202553146368473e+03,-9.346735973585218744e+02
-9.954362590666318056e+02,-1.523604565791909636e+03,-9.064260483991020010e+02
-1.010969728263464617e+03,-1.607670268931879718e+03,-1.529323172055360146e+03
-1.307280231120864755e+03,-1.272162652721083532e+03,-8.065359788535516827e+02
-6.247065454745694524e+02,-1.613768668800824116e+03,-1.082209522614378329e+03
-7.507468583164148868e+02,-1.156957357068262354e+03,-1.519366387552878450e+03
-7.675261072248679284e+02,-1.445005056484097167e+03,-1.042868657120206990e+03
-1.072839301490517755e+03,-1.380371981690201210e+03,-1.166040948840669444e+03
-1.245272029300361964e+03,-1.431120597733645809e+03,-7.943790342428789018e+02
-1.117212939690856729e+03,-1.374867825015884364e+03,-8.181421226832243292e+02
-8.978385582571060013e+02,-1.551412556585280527e+03,-1.229310755744689459e+03
-1.069233595608417318e+03,-9.993469818028369218e+02,-7.717829180078314266e+02
-8.766169309626482118e+02,-1.443595762664661606e+03,-9.596347211826199555e+02
-1.203484795653239416e+03,-1.613617255893725542e+03,-7.708489355385415820e+02
-8.843306512681525646e+02,-1.616093652157438100e+03,-7.718277298260666157e+02
-1.226096231346195964e+03,-1.461316533544817730e+03,-7.629790838076314685e+02
-1.077099606176181169e+03,-1.546312045588830642e+03,-7.268805502520714299e+02
-1.159639241949651023e+03,-1.572065468308066556e+03,-7.137045390087164378e+02
-1.002716269207767482e+03,-1.615664908131905122e+03,-9.239365433299996084e+02
-1.341519405427755373e+03,-1.285957166306840691e+03,-1.158210860389473737e+03
-7.473373048428748007e+02,-1.398088534572187200e+03,-8.407919549480117212e+02
-1.105564983163161514e+03,-1.564396065892812658e+03,-7.624960130834459733e+02
-7.838405594061017609e+02,-1.615645708256264015e+03,-7.696169609224190253e+02
-8.948371687186398731e+02,-1.571193384003920528e+03,-9.249201244633719625e+02
-1.122791675786148062e+03,-1.266388424063227831e+03,-1.215240501028589733e+03
-9.241529860653762398e+02,-1.557675053499507840e+03,-1.291942635470559935e+03
-1.279716667388470114e+03,-1.613216125344031752e+03,-9.499449999179107635e+02
-1.172045234992503083e+03,-1.365147213813746475e+03,-8.506581624103346257e+02
-1.081750814112755052e+03,-1.616872184716341280e+03,-9.363527955362303601e+02
-1.204456379901289438e+03,-1.612469069714373290e+03,-8.963355947921703546e+02
-1.476382980985350741e+03,-1.436402073875847236e+03,-1.629813194175760827e+03
-1.321608745679014419e+03,-1.824984022234663826e+03,-9.158748556955155209e+02
-1.030219130025183404e+03,-1.517947883055823695e+03,-8.885220064089126026e+02
-9.861446261031106815e+02,-1.381605102477906485e+03,-8.882005099560614099e+02
-1.302942219815208091e+03,-1.322006481110308641e+03,-1.179532830202276273e+03
-6.347921136053015516e+02,-1.608323416892693558e+03,-8.104111123681385607e+02
-1.090774357169651694e+03,-1.622553793216267877e+03,-6.467493475204582865e+02
-8.888479101380518159e+02,-1.602743783844836344e+03,-7.800741528575448456e+02
-1.018138933767979324e+03,-1.448004414863282818e+03,-8.913344648565516763e+02
-1.074615860213353471e+03,-1.406018463907073965e+03,-1.617635679056227900e+03
-1.261077070003433619e+03,-1.435881998771129702e+03,-1.405512486840824749e+03
-7.994286638696283944e+02,-1.619035324094797943e+03,-7.909619695806931077e+02
-1.082822185361874972e+03,-1.653362069087052987e+03,-1.053999360344119623e+03
-9.542352274875447620e+02,-1.411636328346253094e+03,-1.127193874625624630e+03
-6.348467990316100895e+02,-1.620201520870634567e+03,-9.047194470408059033e+02
-1.068020881482929553e+03,-1.600340821221368969e+03,-7.064257365921394012e+02
-7.407936580479250779e+02,-1.403953076984873405e+03,-8.308099824777657432e+02
-9.014748681481964923e+02,-1.398655823967363858e+03,-8.663434820730936963e+02
-8.618946760444636084e+02,-1.610111019586468501e+03,-1.608705889973690319e+03
-1.072265485109268184e+03,-1.404679565770598401e+03,-1.145181155398182909e+03
-7.444099426438838236e+02,-1.589966837534481556e+03,-7.813065129824439055e+02
-6.307654032323105184e+02,-1.547650201749372400e+03,-9.361827860003852493e+02
-9.724474736628600340e+02,-1.616767467988781164e+03,-8.675348409574487505e+02
-8.165651634107192649e+02,-1.507157754619118123e+03,-6.412984621411615080e+02
-7.350443529749545633e+02,-1.435175388822073501e+03,-7.727964823968069368e+02
-9.706677513980250751e+02,-1.612043152233442015e+03,-7.762665472158205375e+02
-8.104183909596237072e+02,-1.492182954221271757e+03,-7.784416735681280670e+02
-8.765115603089815295e+02,-1.487384143611214085e+03,-1.808350090457994838e+03
-1.387557267311603027e+03,-1.455526011496140654e+03,-7.066571840483044298e+02
-8.863566064157223536e+02,-1.593268612859777249e+03,-1.609633059430939738e+03
-7.649131680356529159e+02,-1.597300017551635392e+03,-7.870237175355792942e+02
-7.044130938940577380e+02,-1.520351823257466322e+03,-7.805509887033791756e+02
-8.698362974980473155e+02,-1.602099700018876547e+03,-9.288565840980106714e+02
-9.750749662352847054e+02,-1.573946448541802738e+03,-7.120725942190424576e+02
-8.761045536603891151e+02,-1.516658790735744333e+03,-9.376829069664528333e+02
-8.773428334710956733e+02,-1.568115529794672057e+03,-1.424272481559502012e+03
-1.381067914785807716e+03,-1.586972059985023179e+03,-7.845495957687890041e+02
-7.577229521610996699e+02,-1.497199775617803652e+03,-1.592225147018950793e+03
-1.070797693598615069e+03,-1.440426906909875697e+03,-7.608727412140671049e+02
-7.607660408223028981e+02,-1.598307349238792767e+03,-8.225976954507783603e+02
-1.185320954373135692e+03,-1.598098693470160242e+03,-6.574986757904772503e+02
-1.456173735204776449e+03,-1.458430798076788278e+03,-1.161315969602210316e+03
-1.493256079233253104e+03,-1.436571760445541258e+03,-6.808980216959251948e+02
-1.330690046593585521e+03,-1.394857167306206065e+03,-9.068260210928840479e+02
-7.507646112112124683e+02,-1.434876735871401706e+03,-7.772041196369013960e+02
-7.963807286878593459e+02,-1.540821398135153231e+03,-1.531442895320706157e+03
-1.050036885228804067e+03,-1.615195024022433472e+03,-1.073399765748038817e+03
-1.477482484026598968e+03,-1.617841416678585801e+03,-9.400687077397205940e+02
-1.307735198005632355e+03,-1.449434945968847842e+03,-9.348114787667838073e+02
-8.546536003936046200e+02,-1.509917868868835285e+03,-9.117130874880286910e+02
-7.844615423919532304e+02,-1.613939165716598154e+03,-8.422245872325071332e+02
-1.092525438435891374e+03,-1.444384803513126599e+03,-8.679669840879959111e+02
-1.524234768118654983e+03,-1.301025976393118071e+03,-8.786760521651857516e+02
-1.243462420599646975e+03,-1.583049685298349914e+03,-1.559064511704579672e+03
-7.673356340535675599e+02,-1.536745975865314449e+03,-1.582778058959209829e+03
-8.651978106295773614e+02,-1.595353660374712717e+03,-9.212955482691394309e+02
-6.172559879463798325e+02,-1.395207560605315166e+03,-6.686943399185083763e+02
-8.939554275281850551e+02,-1.385347248590297340e+03,-8.409604121382708399e+02
-7.480782823237009325e+02,-1.468416149492476961e+03,-1.611026324762009608e+03
-9.732767395997382209e+02,-1.616033302942270439e+03,-9.864099458046384825e+02
-8.652685809462349198e+02,-1.548665727947771984e+03,-6.459701992434246449e+02
-1.085370602062688477e+03,-1.589942338835256351e+03,-7.546794009295424530e+02
-1.104039967450333961e+03,-1.440087541575019713e+03,-7.622456167968415457e+02
-8.705190843531282781e+02,-1.479183093912341292e+03,-7.651301361242690291e+02
-7.515375884435343323e+02,-1.397343537922942915e+03,-7.983448383659250567e+02
-8.538107568043055835e+02,-1.459922312721623939e+03,-6.645708637670068129e+02
-1.078731299841436794e+03,-1.561245603652573891e+03,-8.960191803743684886e+02
-9.899241296160762431e+02,-1.477638324860653711e+03,-1.027467341411130747e+03
-1.298858786971632298e+03,-1.467677873183182555e+03,-8.600505578138387364e+02
-9.608554008892823504e+02,-1.476115806893465788e+03,-9.058937182396753087e+02
-8.547698626267103919e+02,-1.599406450017947463e+03,-8.979282107166760625e+02
-8.870233564510692759e+02,-1.385326032969460130e+03,-7.696775046482489415e+02
-1.382422599491246956e+03,-1.481420055788384161e+03,-6.539207215235250032e+02
-1.317422459993459370e+03,-1.542499480037894045e+03,-6.378151989169233502e+02
-9.008961529327256130e+02,-1.394942317017752430e+03,-8.066473684946128060e+02
-5.462421184931896505e+02,-1.615083256585034633e+03,-6.801228179952232722e+02
-1.095769421340907684e+03,-1.681417593663396929e+03,-7.760091476012795511e+02
-1.425424504579248833e+03,-1.512978927772005363e+03,-1.185198679789576545e+03
-1.627153771369967444e+03,-1.734912851249238429e+03,-9.388021660115987288e+02
-6.796395351520623080e+02,-1.728841529450459348e+03,-9.524525119943793925e+02
-1.188100722758860002e+03,-1.545200572351558321e+03,-7.643848803742521341e+02
-1.101132483556111765e+03,-1.489715674837151482e+03,-7.985774233623243390e+02
-9.822422732962388636e+02,-1.423687940635598125e+03,-1.037514349385170362e+03
-1.166606236293213442e+03,-1.476190608533535851e+03,-7.747494342748627787e+02
-1.075763957706813017e+03,-1.574062996595768027e+03,-7.744245654120860536e+02
-8.555892641971340709e+02,-1.607622912277085561e+03,-9.414100858285734148e+02
-7.489553952086876052e+02,-1.525776357907686133e+03,-1.136321023189234893e+03
-1.224804125045164255e+03,-1.660034500882938119e+03,-1.058925564465283060e+03
-7.499151552672786920e+02,-1.689690929885492096e+03,-8.007771942536995766e+02
-9.575193907424772988e+02,-1.659710477785205967e+03,-7.735601284834234548e+02
-7.387825602108288194e+02,-1.580202365570649818e+03,-6.831103205614020908e+02
-1.249429590344889448e+03,-1.551210784970221084e+03,-9.768119057550322850e+02
-7.870928284577694285e+02,-1.444017611057193335e+03,-1.611834918793639872e+03
-6.491405509710273236e+02,-1.617790230040550796e+03,-6.529125294921720979e+02
-7.419577769799969928e+02,-1.687858240388431568e+03,-7.601422584718753797e+02
-9.696302992733228621e+02,-1.651528340037839143e+03,-1.050876740071597396e+03
-9.456900363657694015e+02,-1.597262106856823948e+03,-1.620296400727374703e+03
-1.173737848433827139e+03,-1.488307248699283264e+03,-6.522647183964834312e+02
-1.330293511386634009e+03,-1.740491889634390645e+03,-1.336288323684983197e+03
-1.194259995968030353e+03,-1.815447161795780403e+03,-1.612887319204145115e+03
-7.512959145565246217e+02,-1.715132530581059655e+03,-7.891653092970559555e+02
-6.317407639272130382e+02,-1.517666417958519787e+03,-6.432254727126393163e+02
-8.968682467479104616e+02,-1.355707447405166931e+03,-6.595185719615235485e+02
-1.068223134510634054e+03,-1.615540544818172293e+03,-8.020011397096892551e+02
-1.341461406462584364e+03,-1.540753376457664672e+03,-1.525222790059054660e+03
-9.480818243925139086e+02,-1.590624809290389067e+03,-5.271376646074716064e+02
-1.207491389234141025e+03,-1.605240632791976623e+03,-7.881638566426436228e+02
-8.904908860090019971e+02,-1.573510902224039455e+03,-5.309305247380474384e+02
-8.536232833977335304e+02,-1.507026990128121042e+03,-1.589851711130461126e+03
-1.480492099767270702e+03,-1.506740249630191784e+03,-9.086982690258529374e+02
-9.584548291488547420e+02,-1.613011657330976504e+03,-1.328606409408121635e+03
-9.566020809412020753e+02,-1.578674711008648956e+03,-1.667215593379528173e+03
-8.151999003506648478e+02,-1.497972023721991263e+03,-1.401935944640809566e+03
-6.413523032016685193e+02,-1.482346931405445048e+03,-1.366342068327270226e+03
-7.441386904713587001e+02,-1.612207665435754507e+03,-8.195147675459533048e+02
-8.552224000764502989e+02,-1.811586450100877528e+03,-1.827749853260497957e+03
-9.732384957042293081e+02,-1.610032727387208752e+03,-9.184726467794170048e+02
-1.191556444352929248e+03,-1.797957397473325273e+03,-6.501998973844987404e+02
-8.779619372689079455e+02,-1.511228703113709798e+03,-6.572379179170964107e+02
-7.568107186419211985e+02,-1.733615443028018262e+03,-8.196468301625374124e+02
-8.748919892345102198e+02,-1.564666065446253469e+03,-5.418786797439408929e+02
-8.814508263907430319e+02,-1.454448208051797110e+03,-1.015268530377557568e+03
-7.906155672873608182e+02,-1.804840493203822007e+03,-6.886351813427481829e+02
-1.245733501729814634e+03,-1.587755345019127162e+03,-6.428330357378600866e+02
-1.322366994753679137e+03,-1.579839891508214350e+03,-6.240041929195454031e+02
-9.785048790510826393e+02,-1.761339648879514471e+03,-1.201613219213933462e+03
-8.710048268510212210e+02,-1.439662170848609321e+03,-6.744826876686056494e+02
-9.926706681433064432e+02,-1.527714362821199529e+03,-6.476032361154897217e+02
-1.050103632645834750e+03,-1.452513632117038469e+03,-5.225958996957629097e+02
-1.399370133542208805e+03,-1.620460050755102202e+03,-1.167501384179881143e+03
-1.192711818216305119e+03,-1.438847563392396069e+03,-6.432345821276790048e+02
-8.722637622976809553e+02,-1.522724679488765787e+03,-8.341164702582601649e+02
-1.144299635640808901e+03,-1.542844050986902857e+03,-4.264827744542286609e+02
-7.378611187157972608e+02,-1.594271757372243428e+03,-5.162452176262695502e+02
-7.595890993232701476e+02,-1.619572283959587594e+03,-8.295963105104563056e+02
-9.784868772614273666e+02,-1.805484848155433610e+03,-1.661276600284442111e+03
-7.240706611332093416e+02,-1.613321234830821822e+03,-7.970935401512230101e+02
-6.386059769514882873e+02,-1.613526179484349086e+03,-5.202321563826416195e+02
-8.826949420466449965e+02,-1.562550155114726977e+03,-1.212554954816952659e+03
-7.593729506057418348e+02,-1.818286301662590859e+03,-9.013955908233340324e+02
-9.799362903655439823e+02,-1.618974163738208290e+03,-6.475751997484788944e+02
-9.874412253110469919e+02,-1.508369462835210925e+03,-7.862785675789823472e+02
-1.072508249511379972e+03,-1.621518292826911193e+03,-8.120187238485139005e+02
-7.686675104226595749e+02,-1.815790560944356002e+03,-5.252130947802994569e+02
-8.771085955343759224e+02,-1.111623205240854304e+03,-6.382105982360527605e+02
-1.364805153701097652e+03,-1.370561466054490211e+03,-6.397950414501307250e+02
-9.745235250932993267e+02,-9.107599105457279620e+02,-8.494001001798850439e+02
-7.448343740062482539e+02,-1.529118664880688129e+03,-1.276508865231735854e+03
-7.615538876598063780e+02,-1.503321512448395879e+03,-2.694350060770021287e+02
-7.593661178092997943e+02,-1.574181769578962076e+03,-7.917385634448959308e+02
-7.453988131700097028e+02,-1.474351496303272143e+03,-5.209179592465798123e+02
-8.325707791551959644e+02,-1.810377647811050792e+03,-1.372951808364378223e+02
-1.294977023128538349e+03,-1.632964185590286434e+03,-5.640457103238223908e+02
-1.514144569864555251e+03,-1.578157644805646214e+03,-8.670968527077814514e+00
-1.116923639308704651e+03,-1.805547734239977217e+03,-2.570275773081427246e+02
-1.234197188271813957e+03,-1.783197530769379000e+03,-6.910749324874886952e+02
-9.745570627608344694e+02,-1.808697434473981048e+03,-2.662799522872686566e+02
-1.241368062157927625e+03,-1.432029113589386043e+03,-6.922910142158311828e+02
-7.546507631847874791e+02,-1.480820093061400939e+03,-1.264023529273366933e+02
-8.254252498861094409e+02,-1.513819454948937846e+03,-5.121951842215331681e+02
-1.140353461050052601e+03,-1.505172867548365730e+03,-1.258131337116085149e+02
-7.365718155177987683e+02,-1.818327629151749534e+03,-5.157424101735742852e+02
-7.757632078759760361e+02,-1.527196912654826747e+03,-2.552778793869068750e+02
-7.427729930582599991e+02,-1.367420857865123935e+03,-2.499476861342219820e+02
-1.474688990473017611e+03,-1.479509929417224839e+03,-1.216964303777473333e+00
-1.140066118198077902e+03,-1.396272380404511296e+03,-1.352934129841598178e+03
-8.829839986434734556e+02,-1.516593988769185216e+03,-2.555277734844317763e+02
-8.648755061353818974e+02,-1.802510569929014991e+03,-3.825887837530390243e+02
-9.117242799195986436e+02,-1.816373053018063501e+03,-8.225017036135870967e+02
-8.917593374674520419e+02,-1.609709959133682560e+03,-1.292319537796573286e+03
-1.335046441530892707e+03,-1.398104468188051214e+03,-1.617726754317098994e+03
-8.840137851997540110e+02,-1.506161398107976765e+03,-1.277674313696636688e+02
-1.075369916114904754e+03,-1.448440245037057139e+03,-2.610044073427984586e+02
-7.472068623380803274e+02,-1.579433588987258872e+03,-6.713234406678766391e+02
-9.746491705650832955e+02,-1.514535616971447553e+03,-2.564912124748620386e+02
-6.351528784507809178e+02,-1.616872980245338567e+03,-1.771579183440250745e+03
-7.443129056612948489e+02,-1.592265062037333564e+03,-1.211062988208742127e+03
-8.751621601731309283e+02,-1.632219648627730521e+03,-1.104737899872938023e+00
-9.863681348917493779e+02,-1.775569403219649303e+03,-3.855679179981754032e+02
-1.144395737096342373e+03,-1.530975343935640694e+03,-2.638773161678273595e+02
-8.790511739036339804e+02,-1.595423277874267114e+03,-1.310454470568563750e+02
-1.404483027861282380e+03,-1.616811927005770258e+03,-1.173364525578256462e+03
-1.193267342347266322e+03,-1.562417112955709854e+03,-1.326101064628935546e+02
-1.540802827419967571e+03,-1.626737364049145299e+03,-6.983963966055208630e+02
-9.260208896403224799e+02,-1.626298447757801796e+03,-8.652946953500829750e+02
-1.034864002399973288e+03,-1.413849407164526838e+03,-2.583248904600026208e+02
-7.697296460790602168e+02,-1.500484834322436882e+03,-1.292454895096957728e+02
-7.734546326649460752e+02,-1.374402616461302159e+03,-9.949227928908990179e+02
-8.406669229310399487e+02,-1.638032910788323761e+03,-1.616973958777970893e+03
-1.164575879872991663e+03,-1.429200303819866349e+03,-3.851273739317874742e+02
-7.464162196215919494e+02,-1.531509374577617109e+03,-3.882399075738653096e+02
-8.618963261152714495e+02,-1.606346274553759486e+03,-9.126451360315763850e+02
-1.086011241668153389e+03,-1.427255956821597920e+03,-2.743279215701695648e+02
-9.020062178138383615e+02,-1.394843505593428063e+03,-4.213581416672737987e+02
-1.222834681260471598e+03,-1.403973510013466012e+03,-1.071173982312392354e+03
-8.606278292736643607e+02,-1.517760034853632305e+03,-4.252145439542796339e+02
-1.321159679624701084e+03,-1.537340463749809487e+03,-1.297893734589963799e+02
-8.720172235699274097e+02,-1.433882655385577664e+03,-1.280365759178305893e+02
-7.083679789424223827e+02,-1.512014347849493561e+03,-1.278500496278912379e+02
-6.358531187358838679e+02,-1.520384773669366041e+03,-3.877183884722784342e+02
-7.667240561536697214e+02,-1.584930098639409607e+03,-3.923829545466373361e+02
-7.613774285578708714e+02,-1.373174211926940870e+03,-1.570497617204417111e+03
-7.495697706646545839e+02,-1.308176255876337336e+03,-1.293830601052071643e+02
-8.270299016653066246e+02,-1.617425088733489702e+03,-1.278298123568620071e+02
-7.650479655391278584e+02,-1.504338448646657071e+03,-3.968053040231131945e+02
-9.910219964714499383e+02,-1.465304789839092564e+03,-2.594044368872991981e+02
-9.058437413428582659e+02,-1.529747377842795458e+03,-3.795012584538217197e+02
-6.393851823277141193e+02,-1.435771187341947552e+03,-1.436031039201121303e+03
-1.086446136779607514e+03,-1.570129843956609420e+03,-1.288733362806509604e+02
-1.224505039188967203e+03,-1.557684828921427879e+03,-1.796595892741448486e+00
-9.537158898594248058e+02,-1.618853864059324906e+03,-2.487460037399193027e+02
-7.483675469257889290e+02,-1.824647068984426369e+03,-2.519783748298758610e+02
-9.845993652363451929e+02,-1.465947250967819627e+03,-5.572906314570337827e+02
-1.216580052287146600e+03,-1.608734179225183880e+03,-2.792175842765998617e+00
-8.811157007320073262e+02,-1.399994810640323976e+03,-1.259157916416326799e+02
-6.377924633662388487e+02,-1.530209135564258759e+03,-7.757230798076273004e+02
-1.326721800556487324e+03,-1.427068416554681789e+03,-5.454212889599092478e+02
-9.342695095803633194e+02,-1.810861135757493003e+03,-3.887857813413118606e+02
-9.077295130791231941e+02,-1.361720780748545167e+03,-1.301468387548265184e+02
-1.102478957349835582e+03,-1.623944354516016801e+03,-6.155345134991326859e+02
-7.730361499778172174e+02,-1.397665524005924681e+03,-1.278953941296017547e+02
-9.901920761234549673e+02,-1.597538244159673923e+03,-4.282917393751184250e+02
-7.839186221538019481e+02,-1.357463028148930107e+03,-1.256840104280042851e+02
-1.211447411528188923e+03,-1.488642285386568801e+03,-1.276048257527291270e+02
-9.920067510200648258e+02,-1.407243764995022502e+03,-1.285939065498210709e+02
-1.223678762727074172e+03,-1.527596243354752232e+03,-5.081685596945486623e+02
-7.775290721470589688e+02,-1.616553922240894508e+03,-6.406295051370126430e+02
-1.478759836091739544e+03,-1.618133309106138540e+03,-1.253819981959041570e+03
-8.381293035337924948e+02,-1.560899424995457821e+03,-5.188020853062095057e+02
-7.638165773900890372e+02,-1.490251094600278066e+03,-1.288684496582220049e+02
-1.383695278859537893e+03,-1.617218470718191156e+03,-1.640800968679981452e+03
-7.405506845094319033e+02,-1.667334806779735572e+03,-1.315787123493918216e+02
-7.543361639074935283e+02,-1.611454499291130560e+03,-2.604558566443621430e+02
-8.703610548889893153e+02,-1.446599806023299379e+03,-1.277674709219078579e+02
-8.688652192161828225e+02,-1.534106562743636232e+03,-9.084496486506156998e+02
-8.307444692257748784e+02,-1.828832431086331098e+03,-2.580896606622031300e+02
-6.236709694438064844e+02,-1.614056807937296298e+03,-7.887765108416391513e+02
-7.341148578003316061e+02,-1.615742025325733721e+03,-1.279391811973745945e+02
-9.789632406396743818e+02,-1.554572668727638302e+03,-2.505808832052252910e+02
-9.761571872174116606e+02,-1.579173796230693142e+03,-1.302156758731791513e+02
-8.736801706721654455e+02,-1.607598247758256321e+03,-1.189326253771285792e+03
-9.423282307838039742e+02,-1.631746601078095637e+03,-1.298337747395927977e+02
-9.077078112416608064e+02,-1.624366168220276904e+03,-1.611758639706156600e+03
-7.278932156905532338e+02,-1.549684875871588247e+03,-2.605863586891044292e+02
-8.960604220083436076e+02,-1.622864134139093949e+03,-1.313076373892741344e+02
-1.211732701044437590e+03,-1.815809599809217616e+03,-5.444354115331392450e+02
-1.242982536777971063e+03,-1.536212673253434787e+03,-2.579728899382837426e+02
-1.250327549472008286e+03,-1.464707104523773978e+03,-4.789232551338623125e+02
-1.208170640209116982e+03,-1.689412048847762890e+03,-3.045955792894988079e+00
-1.346706167888174832e+03,-1.625081897751593715e+03,-3.942350443980009231e+02
-8.680589859803174022e+02,-1.566874756961154617e+03,-1.300755401930571225e+02
-1.182021038838216555e+03,-1.621784045628013473e+03,-6.630491333672931660e+02
-9.603197249962911428e+02,-1.610142508691826379e+03,-3.860239241401738468e+02
-1.391418686947749620e+03,-1.437517745897687973e+03,-1.280581528890870118e+02
-1.167523037224223117e+03,-1.826602721822084959e+03,-2.630586732058602593e+02
-6.433185428708251266e+02,-1.626797177808244896e+03,-3.930116288311586459e+02
-1.231534466039202471e+03,-1.611952278786525312e+03,-2.587785286978854060e+02
-1.009522589617091398e+03,-1.524388512549822508e+03,-2.721497386848369615e+02
-1.579856080647828549e+03,-1.612056240379523842e+03,-3.907900854326811100e+02
-6.595173279770294812e+02,-1.600490217416709129e+03,-6.034109865043651553e+02
-9.631184354201819815e+02,-1.588136051186446593e+03,-5.195951584639921066e+02
-1.039387400183660702e+03,-1.610314513047084120e+03,-3.909945358685217798e+02
-9.895462181145538807e+02,-1.503957101971107249e+03,-6.793490030797142936e+02
-7.873514094963079515e+02,-1.510987719113435332e+03,-1.285481320668407989e+03
-1.001532357278136601e+03,-1.575940460879884085e+03,-3.841388519291776333e+02
-1.118245881422213643e+03,-1.638915318919627907e+03,-1.330627595143139956e+02
-1.098939924845497671e+03,-1.629779080794634638e+03,-1.609041529945171533e+03
-7.576321291194147989e+02,-1.568609806827958437e+03,-8.017504678359963464e+02
-1.201030903749100162e+03,-1.480696023068430804e+03,-6.881410838434820789e+02
-1.229713144481003610e+03,-1.626507480567081984e+03,-1.304856028237216208e+02
-9.679677314762168407e+02,-1.625934622176208222e+03,-3.820327914500174415e+02
-8.696023430300440396e+02,-1.513751411624401044e+03,-2.599726636543297786e+02
-1.209968573772080617e+03,-1.631797796277647194e+03,-6.547148918162536120e+02
-8.687883278166970058e+02,-1.525992120871098678e+03,-7.114651622733765635e+02
-8.223499468585870318e+02,-1.596245690838728706e+03,-5.190852128827442584e+02
-7.712899989786894821e+02,-1.449646301549486452e+03,-3.910487506461662406e+02
-8.445594221151517331e+02,-1.584818416656501540e+03,-2.595716504131518718e+02
-8.664116478443690994e+02,-1.478140394483602677e+03,-5.249550063230769865e+02
-1.231505532861907113e+03,-1.647481075914078474e+03,-1.611183467976856036e+03
-1.308029968539558695e+03,-1.413290560118796520e+03,-5.394544281114150408e+02
-7.378724664094586387e+02,-1.620439630617340526e+03,-6.034322092071189445e+02
-8.453455335751756365e+02,-1.430622085883329646e+03,-1.293390113671913753e+02
-1.187171946042202535e+03,-1.425509785964543198e+03,-2.653524208682234757e+02
-1.076573637008471451e+03,-1.596963472270588227e+03,-3.831859305255201775e+02
-1.115846705175703846e+03,-1.413276610952481406e+03,-8.327967618900747766e+02
-1.319367168675256153e+03,-1.597899428595521840e+03,-2.579510953750926774e+02
-8.845427058302796013e+02,-1.467606699840648162e+03,-1.292422463332292182e+02
-8.461333802155897956e+02,-1.546495873465054956e+03,-1.296175589746892172e+02
-1.214091130341078951e+03,-1.352434453370133951e+03,-2.590221418189051974e+02
-1.369122286544305780e+03,-1.470348642215011751e+03,-7.796365730641239224e+02
-8.053381417300640805e+02,-1.603846537209426515e+03,-4.222375181874114425e+00
-7.727807074407127175e+02,-1.523514619755560716e+03,-2.537620983622722690e+02
-1.082788973320349214e+03,-1.613791830772689991e+03,-1.292821275404695029e+02
-8.563365196508744930e+02,-1.572847657869030400e+03,-2.669698936277230246e+02
-1.079379315985842823e+03,-1.496729513765640377e+03,-2.635707863898749679e+02
-7.530175177059293219e+02,-1.613788455541110807e+03,-4.013745088889701265e+02
-8.804961932436210645e+02,-1.593022243932975243e+03,-1.224255292927234677e+02
-8.797270442962104653e+02,-1.539386422495025272e+03,-2.754026096353907747e+02
-8.997330063457196729e+02,-1.601622005484249939e+03,-2.946160755886122473e+00
-1.236942527318990869e+03,-1.600864983621567490e+03,-3.994515917536257348e+02
-9.637235815446723564e+02,-1.462889329129770886e+03,-2.628227591062278066e+02
-8.655790386410415067e+02,-1.408681803151888062e+03,-1.078921079636582363e+03
-7.752121470832796604e+02,-1.422529208805048256e+03,-1.621973814020359214e+03
-1.331479462192511164e+03,-1.649367215673624287e+03,-4.401479966819852621e+02
-8.928406197986997768e+02,-1.598720519450392658e+03,-3.866041280518717258e+02
-9.622261700550061505e+02,-1.622291615997841745e+03,-1.226133318110526034e+02
-6.445096880930639145e+02,-1.618158896407868497e+03,-9.585395712547365292e+02
-8.729276317169694721e+02,-1.626459435528708127e+03,-1.671142414035659385e+03
-7.664398937733966477e+02,-1.393925525508886949e+03,-1.285849680025512782e+02
-1.086971312659617070e+03,-1.454801340263496741e+03,-5.534944563949477470e+02
-8.840205265527055190e+02,-1.614447122668658949e+03,-2.216160868715263188e+00
-8.757884675197844899e+02,-1.578236465554132337e+03,-9.165473699778074206e+02
-9.808965008182885867e+02,-1.521690381838185658e+03,-1.218644180256700338e+02
-1.259552241654878571e+03,-1.508777673140713205e+03,-6.847017378707172384e+02
-8.864281344530884326e+02,-1.619146265835637905e+03,-1.270640808323635440e+02
-1.338316526217921819e+03,-1.613191921806492701e+03,-1.271295625359675654e+02
-1.318277887468854715e+03,-1.431403014747404541e+03,-5.303890001430113443e+02
-7.388750964903607610e+02,-1.632665265287307420e+03,-3.795305058351946741e+02
-8.645097627348350215e+02,-1.376649765447236177e+03,-1.373839763171941513e+03
-1.249830891301184010e+03,-1.615068923837769944e+03,-1.618293675113086010e+03
-8.803422237290028534e+02,-1.597271191651535901e+03,-6.353244708116889115e+02
-1.192769920104451103e+03,-1.617940941528888743e+03,-1.296817826039891770e+02
-7.878055078420298969e+02,-1.413887013179222322e+03,-2.494419487083974900e+02
-8.972541685426109552e+02,-1.547047775429991134e+03,-1.245537114337948736e+02
-1.282955691950238588e+03,-1.612332002556961470e+03,-1.180266756957026246e+03
-1.488423957348722524e+03,-1.541247066675259703e+03,-1.132933979859799820e+03
-1.010613260548724952e+03,-1.399668958296195797e+03,-2.555781594383635138e+02
-1.136184866739258496e+03,-1.520577652916522538e+03,-1.268636615494601187e+02
-1.344714017797712586e+03,-1.522541625382332313e+03,-1.691237436363974439e+03
-1.353974377218370819e+03,-1.796069780905923380e+03,-1.067774119886156086e+03
-9.848426821977699319e+02,-1.534151646935562212e+03,-2.052989504031759616e+00
-1.081860251897134049e+03,-1.579803894262616950e+03,-2.949293237750176377e+00
-1.260791213798044510e+03,-1.621887256039671001e+03,-3.885132801612078310e+02
-7.401053121289567116e+02,-1.397095662714393029e+03,-6.000372753742622081e+02
-7.936676535733805622e+02,-1.526730595277641669e+03,-1.327476139055931412e+02
-9.904591923687470398e+02,-1.397241219350265510e+03,-9.884578607510034090e+02
-9.698785727461205397e+02,-1.436340321789883774e+03,-1.296231237972516510e+02
-1.216224964285553597e+03,-1.512384275334806716e+03,-1.291002420008654781e+02
-1.185094257590836833e+03,-1.505427647657387979e+03,-1.286164208920240810e+02
-1.220857094814138691e+03,-1.472560581725467046e+03,-1.625997191830415886e+03
-9.629875969082465872e+02,-1.632895879607861843e+03,-5.167263326631704103e+02
-8.592978079767284498e+02,-1.423759839962955539e+03,-1.351643409752133209e+02
-1.497645200119442052e+03,-1.497503292760531622e+03,-2.572472654147641720e+02
-9.756117858417212574e+02,-1.331234057951600107e+03,-2.628103237381689610e+02
-1.494618480219800404e+03,-1.576163549976940430e+03,-1.318621414749293990e+03
-1.009196142435350794e+03,-1.347859447283437021e+03,-5.606335296826387093e+02
-1.121241166949300805e+03,-1.436339985166622000e+03,-4.128929718915271678e+02
-1.103920939745089981e+03,-1.390647517625042610e+03,-3.855470263896404504e+02
-9.870976998144637946e+02,-1.466797514643189743e+03,-4.120269391745975440e+02
-6.349561643746478694e+02,-1.363381335312821875e+03,-1.088026851469646772e+03
-1.109143647797336143e+03,-1.611193339698646923e+03,-1.708134176317895658e+00
-1.569095221322723773e+03,-1.330657408665921821e+03,-1.275285415863341854e+02
-1.058452067426208487e+03,-1.491593265702340886e+03,-1.313596005959261959e+02
-1.423341367980498944e+03,-1.531591072771763947e+03,-6.374482980782790946e+02
-9.352336819359587707e+02,-1.666743286226844930e+03,-3.838658894669006827e+02
-9.520736037638939706e+02,-1.553110983510673123e+03,-3.915675820155898919e+02
-1.198603822293125177e+03,-1.618048057306285727e+03,-2.689875225626791462e+02
-1.234505317007922486e+03,-1.392109158949045423e+03,-1.249568667268393511e+02
-1.106007903829882025e+03,-1.377251054361176557e+03,-9.113227031795416906e+02
-1.371838835871724086e+03,-1.545252559678826628e+03,-8.167138245841573507e+02
-9.733611275353093788e+02,-1.363436538226522771e+03,-7.640954015532994390e+02
-1.014649656739543502e+03,-1.650339494083586942e+03,-9.582869773800154007e+02
-7.796705751422584854e+02,-1.679100984703012273e+03,-1.312120792978469979e+02
-9.686053691157154617e+02,-1.570836500243520049e+03,-1.594389051334534997e+03
-8.923417148030762291e+02,-1.498588832761991171e+03,-1.567687280930699217e+03
-1.079910056651470541e+03,-1.429560451432681930e+03,-6.177713472488881052e+02
-7.523326167178722699e+02,-1.652626095333204830e+03,-5.455680011690080846e+02
-1.519949821333402951e+03,-1.639888276460931138e+03,-1.617174029224604181e+00
-7.615187892085072008e+02,-1.628658192239800428e+03,-2.620119466062240008e+02
-1.020034376694411094e+03,-1.517722433600295517e+03,-1.083729271523788839e+03
-8.836581511448298443e+02,-1.442403069258846472e+03,-2.591547172245459478e+02
-1.020792960035339206e+03,-1.502109466930224244e+03,-9.534732346248538306e+02
-8.621850677035210992e+02,-1.599624559891372655e+03,-1.268708874204904902e+02
-1.266025421597893455e+03,-1.719410873788844810e+03,-1.290296270734611142e+02
-1.255885578911673520e+03,-1.578511559327301939e+03,-4.040020864242361540e+02
-1.093315116525114945e+03,-1.565447667051122608e+03,-2.581851786527161607e+02
-1.116228287838900314e+03,-1.682286789617772683e+03,-8.367102100791055364e+02
-1.557329606620646473e+03,-1.510234113587957154e+03,-2.643410161958834692e+02
-1.109035952179500782e+03,-1.766021047825037385e+03,-1.295731217984788941e+02
-7.682403447353915453e+02,-1.530031163627754722e+03,-1.297392993920434776e+02
-7.557347469232418007e+02,-1.818930313543263765e+03,-1.306812371777451460e+02
-9.671048616033513099e+02,-1.483306289484634590e+03,-1.291037709822382737e+02
-1.093952080433446781e+03,-1.828077638389669801e+03,-3.955245792881308944e+02
-9.039130287436165645e+02,-1.678301171692356547e+03,-1.268815909597867176e+03
-9.567215877074602304e+02,-1.558690760543953047e+03,-1.292986478011782197e+02
-6.411655878650254863e+02,-1.498382857582500037e+03,-2.593855130781095113e+02
-9.557916367137308953e+02,-1.608137430055238383e+03,-5.392698994417663698e+02
-8.844672172164565609e+02,-1.585242523585864774e+03,-1.664274169771238654e+00
-1.228842746380565359e+03,-1.716523760893167264e+03,-1.278226805611076031e+02
-8.626888546894916772e+02,-1.766556587694713016e+03,-1.313630260268798509e+02
-7.586990876215797925e+02,-1.481225875919226837e+03,-3.895596222095259122e+02
-8.674841895787700423e+02,-1.452030672250843963e+03,-7.810820027519932864e+02
-9.294943980205509888e+02,-1.453562033578047249e+03,-4.292076605088207089e+02
-7.687613445739420968e+02,-1.664624633360979942e+03,-1.321493348873150353e+02
-1.297128828669433460e+03,-1.509457615345798104e+03,-3.897380065943743830e+02
-9.658392843202116183e+02,-1.482171834963351785e+03,-8.246819945862634995e+02
-9.901707543912024221e+02,-1.508207768474322847e+03,-2.605380542882688246e+02
-1.104381965439554278e+03,-1.594248325804403976e+03,-1.262999710868315617e+02
-9.741560039806759050e+02,-1.651707259951103879e+03,-2.613022268118814395e+02
-8.959482004812919058e+02,-1.605518879466072121e+03,-6.252489549714223358e+02
-1.512544587896745270e+03,-1.592250013102931007e+03,-1.759041676159105009e+03
-1.186503424832660357e+03,-1.660713887600419412e+03,-2.563177472755833719e+02
-1.337315045429032352e+03,-1.704273136333567891e+03,-7.844237119102111819e+02
-9.729730394587902538e+02,-1.642702563464839841e+03,-7.320315969470302662e+02
-1.351379095862595477e+03,-1.706047016803430552e+03,-8.645015798809176886e+02
-8.936370893964698325e+02,-1.670749432281176496e+03,-3.924826795331276230e+02
-1.333145116381487696e+03,-1.680039992279322405e+03,-2.613791306787198891e+02
-1.099061506941787911e+03,-1.518829935477290064e+03,-1.269806292961303740e+02
-1.200812734733318621e+03,-1.768560874892061520e+03,-2.448965527174096213e+00
-9.260399006026698316e+02,-1.561777169531172603e+03,-2.603382820652540204e+02
-1.518251007039466231e+03,-1.423132854657776988e+03,-7.840509049721262045e+02
-8.773550579570116952e+02,-1.589607614261909475e+03,-2.590040127482094476e+02
-1.009560333717643289e+03,-1.534260314900647245e+03,-2.709705828978829345e+02
-9.203247813606727732e+02,-1.698794099820246629e+03,-7.770284685714984789e+02
-8.940068863713373730e+02,-1.804151404970306203e+03,-1.320613202778664572e+02
-1.092114146728408969e+03,-1.497327023202194368e+03,-4.183030974680570466e+02
-1.360057691577158039e+03,-1.380958519594516702e+03,-1.873374971813763112e+00
-7.672364716449054640e+02,-1.547292802532983387e+03,-1.330172619727873666e+02
-1.180206617527493108e+03,-1.392770994120133764e+03,-1.270660276960443525e+03
-1.630309330625676466e+03,-1.418646740842727240e+03,-1.407328902500398954e+03
-8.694320778825194793e+02,-1.508229521640617349e+03,-6.491198279323036786e+02
-1.075029498025552812e+03,-1.652118366120488645e+03,-1.617767949628568203e+03
-1.173781749342530247e+03,-1.407914193351119593e+03,-1.622143741368119208e+03
-7.376153867000382434e+02,-1.560476133940318732e+03,-5.398083110993009086e+02
-1.201313064014645079e+03,-1.503716361213472965e+03,-1.314968842330475525e+02
-7.708415011412952254e+02,-1.561601019250112586e+03,-1.299840136432528936e+02
-1.327899403542746995e+03,-1.257712948093870409e+03,-1.342714389235767101e+02
-1.504035378629465640e+03,-1.510341458673081434e+03,-1.491838129672931279e+00
-1.271255124235624635e+03,-1.695241080088176659e+03,-1.291883091277938718e+02
-9.255073094634332165e+02,-1.686924972715358308e+03,-5.280170730740134104e+02
-8.927873408068204526e+02,-1.694972644659399975e+03,-7.787688419086205158e+02
-1.185382663540277235e+03,-9.993718916617837067e+02,-2.693998501045484204e+02
-1.248672705032296108e+03,-1.560858940738449292e+03,-2.776757991022466285e+02
-1.093717692718090575e+03,-8.992317330460402900e+02,-7.020129195083395643e+02
-7.821651611091953100e+02,-1.636026403849877852e+03,-5.276212952247583416e+02
-1.038631038104265144e+03,-1.714013675617926765e+03,-1.394042297258258012e+00
-9.928902030224141981e+02,-1.603230483897899148e+03,-1.310804153724174910e+02
-1.030023575491796464e+03,-1.737498105141534779e+03,-1.179674824520040829e+03
-7.633929025159211506e+02,-1.419371990723466297e+03,-1.283613122589435704e+02
-1.570387385694757995e+03,-1.633448210332505369e+03,-1.643567266167813386e+03
-1.212424654605953492e+03,-1.510236103058000936e+03,-1.322163784994185676e+02
-7.734853887555802885e+02,-1.366483756869935178e+03,-1.417242059184283562e+03
-1.143600853568681032e+03,-9.637400843741297649e+02,-3.839643330770459215e+02
-1.346542184511598862e+03,-1.660923378737133362e+03,-4.378995161551845285e+02
-7.781192549126266158e+02,-1.751018783612218613e+03,-1.351850157860211539e+02
-9.731287656718525341e+02,-1.628156134888747374e+03,-2.606242312045524159e+02
-7.666509646390915123e+02,-1.743025646248686826e+03,-2.567247598781718239e+02
-9.550123081729867636e+02,-1.179150463679989571e+03,-4.258699299948712991e+00
-7.925224934629144400e+02,-1.698244065555856196e+03,-1.315555158917294420e+02
-9.908770057282415564e+02,-1.427699552568390345e+03,-2.574324092940847777e+02
-1.008475301722722520e+03,-1.705483001312993792e+03,-1.224272564689790670e+03
-1.229116686241141451e+03,-1.680231906928250282e+03,-1.266992031796418985e+02
-6.260072708124553174e+02,-1.501019299237995483e+03,-2.471005455118681198e+02
-1.114090396639139044e+03,-1.723586970064823618e+03,-1.330579143917684632e+03
-1.313964083139175273e+03,-1.551104865984137859e+03,-1.233341365771995470e+03
-8.442327243800995120e+02,-8.356423509980737663e+02,-6.119518171688858956e+02
-9.748545995372616062e+02,-1.557547000374143863e+03,-1.306264446469074301e+02
-6.820272344532972966e+02,-1.688152654156903964e+03,-3.880194459765116335e+02
-1.435675883077829212e+03,-8.957129786952096993e+02,-4.075032085622067370e+02
-8.194238173359592565e+02,-1.661890971474951357e+03,-4.058294752505833571e+02
-1.393077160049648455e+03,-1.763345331906881029e+03,-1.280603350706533661e+02
-1.205208711174177779e+03,-1.690230368618767216e+03,-5.773143035260427496e+02
-1.370728797684527308e+03,-1.712374338076230288e+03,-5.529946487234756205e+02
-9.918187257913554049e+02,-1.807037992870250946e+03,-1.289365287275826404e+02
-1.101122244273942442e+03,-1.758229077262349847e+03,-1.301381901561886707e+02
-1.371545784858645220e+03,-8.868635135730847878e+02,-6.247785059622926838e+02
-9.799832424525565102e+02,-1.671655607457324777e+03,-5.258187250577573195e+02
-1.117378952254085789e+03,-1.319717792711305265e+03,-3.881550807545577300e+02
-1.017404656565921300e+03,-1.808562876569965965e+03,-1.317212525120293378e+02
-1.043757661662186138e+03,-1.640087675162834103e+03,-2.617463349402040649e+02
-1.077555121362224554e+03,-1.861085938703990450e+03,-1.692775980424390037e+00
-7.844773227337677781e+02,-1.865409671330273113e+03,-1.218912024191942862e+02
-1.404743364834225531e+03,-1.494746759587844281e+03,-1.272353320119400735e+02
-1.377691289318447161e+03,-1.741932520358845295e+03,-2.557299166456740824e+00
-1.030379739265547641e+03,-1.657587896363841310e+03,-1.250312392713374550e+02
-8.983962396645212038e+02,-1.616009229216658468e+03,-1.361092167682812999e+02
-1.305219420313046385e+03,-1.746779386480287712e+03,-2.409393706383974632e+02
-8.746944017765483750e+02,-1.500237988695921103e+03,-1.253535492555070761e+02
-8.952439833156188342e+02,-1.841195321276493587e+03,-1.655779795206451466e+00
-9.531563744584435653e+02,-1.819927055006010733e+03,-4.209425321480193247e+02
-9.722480623822981443e+02,-1.573835383424335987e+03,-1.850017401681250950e+00
-1.357394979213686838e+03,-1.742194748775222479e+03,-6.049184117797382214e+02
-1.045193264246596982e+03,-1.462606207679666113e+03,-7.402133070067872040e+02
-9.215404614456435866e+02,-1.748175764907509119e+03,-1.497672862639484265e+03
-1.178577826631993958e+03,-1.730230526669886785e+03,-3.692704673656044747e+02
-8.923992518271936660e+02,-1.701889313407072905e+03,-7.597790941253181245e+02
-1.278681890144752742e+03,-1.750430713042845582e+03,-3.854615063321177217e+02
-9.852009753903558931e+02,-1.444110834343710394e+03,-5.104192561027418833e+02
-9.619840203699158110e+02,-1.350934892961228343e+03,-2.560809773115415737e+02
-7.630491985567932716e+02,-1.795368797386884353e+03,-1.794447974660462933e+03
-7.737572728474773385e+02,-1.505041015148945689e+03,-1.124678282398703004e+03
-7.234185379500543149e+02,-1.838624629749965607e+03,-7.568450060434324769e+02
-8.215033177316241790e+02,-1.766527573259519386e+03,-2.593213973374016064e+02
-9.690668552611193718e+02,-1.468649038035081958e+03,-1.086257301023320224e+03
-1.021401099047441676e+03,-1.769409760265661134e+03,-3.875163285838839329e+02
-8.282873424432536922e+02,-1.219568337908758849e+03,-5.163851357680222236e+02
-1.024916308854684758e+03,-1.307914713354956120e+03,-3.908295538939067342e+02
-9.694332918152834964e+02,-1.635173730449754430e+03,-1.308437078217175440e+02
-9.771194505768938825e+02,-1.723411185943170722e+03,-1.374397456915537987e+03
-8.635487304125433639e+02,-1.766079640338535455e+03,-6.542447485217351186e+02
-1.440839729448406388e+03,-1.450156010086240030e+03,-3.891137379562703131e+02
-9.100821239424327587e+02,-1.756260771234778076e+03,-3.901517659110871818e+02
-8.004439650396809611e+02,-1.116598718156124960e+03,-1.269035824494183373e+02
-1.322453300455382305e+03,-1.429112814014147261e+03,-1.600958741010187623e+03
-1.040230014942068010e+03,-1.454395028163899042e+03,-1.770468514782822078e+00
-7.778769668844805665e+02,-1.576460895253836725e+03,-2.610663946993663558e+02
-1.314541227734846871e+03,-1.759839665827558747e+03,-2.572790700610178192e+02
-1.091173226431702460e+03,-1.826423915052481789e+03,-5.185368842039622450e+02
-1.094907064333881408e+03,-1.352601000025196981e+03,-2.800951829861010101e+00
-1.131773777931711265e+03,-1.805330716456766140e+03,-1.300740998561305730e+02
-1.188110237962760721e+03,-1.800414028227270592e+03,-1.851299696958020213e+00
-9.597735844784989467e+02,-1.570288872933603670e+03,-1.296360869055766898e+02
-1.190255998466772553e+03,-1.751580498544283500e+03,-8.642205576706162446e+02
-7.684691699435303462e+02,-1.783181566238970163e+03,-2.584696202725259013e+02
-7.476185368578900352e+02,-1.791652949724629480e+03,-5.186815136357657821e+02
-1.438749666827092142e+03,-1.780251275389979355e+03,-2.603316421047241533e+02
-1.236980442503235508e+03,-1.569025095528410702e+03,-2.321213215217770021e+00
-8.824675317384086384e+02,-1.825425225843488761e+03,-9.775718776400029810e+02
-1.088003080322171172e+03,-1.474035360550100222e+03,-2.660098476509842840e+02
-1.067841873726096765e+03,-1.569800134940411453e+03,-5.167518240532720029e+02
-7.601897384974677152e+02,-1.796085475478151011e+03,-2.573321739141225635e+02
-8.962535072248049346e+02,-1.489317440830699070e+03,-1.612630940900228325e+03
-9.625529213748776556e+02,-1.583396928799215630e+03,-6.496827915318235682e+02
-1.193395131264639986e+03,-1.599851913903996092e+03,-7.528230312353688305e+02
-9.967791236850068799e+02,-1.695650614863347528e+03,-2.590807696817356600e+02
-1.137751575644933837e+03,-1.429171342835026508e+03,-2.566850974652252262e+02
-9.435761149648649280e+02,-1.463805154322180215e+03,-1.300219143022527817e+02
-1.231097760239440959e+03,-1.779627165931151239e+03,-1.615601560948824789e+00
-9.664958469066481257e+02,-1.718807500454572391e+03,-2.585242774292456716e+02
-1.180237032189759930e+03,-1.755794292931354221e+03,-7.955148853950418015e+02
-1.338641097431506068e+03,-1.439405523561917107e+03,-2.714787167415241065e+00
-1.373805455373184259e+03,-1.639324322330071027e+03,-3.920893533561454660e+02
-8.945116523900838956e+02,-1.777398770109278530e+03,-1.292799315506707956e+02
-8.428008040227803122e+02,-1.612749708591906028e+03,-1.301899738632608319e+02
-1.124942733691324065e+03,-1.784605605796779628e+03,-1.314689294548714997e+02
-7.846499990084244018e+02,-1.764951194110219376e+03,-7.237525057710666943e+02
-7.614177532428835775e+02,-1.571127312248835779e+03,-1.053635637862576004e+03
-1.090380430902625221e+03,-1.727242819864347439e+03,-6.397547275621437848e+02
-9.639355922179129266e+02,-1.497954583314971615e+03,-3.888871077582871862e+02
-1.113002716679046671e+03,-1.299363254745395807e+03,-1.165327459386510100e+03
-8.960854886574452394e+02,-1.402871589192052625e+03,-2.590480364385882694e+02
-1.107923250243369694e+03,-1.564490289006833109e+03,-5.847207508818742099e+02
-8.080585701751243732e+02,-1.774956267097227965e+03,-1.331049812307678621e+02
-1.065573595165899178e+03,-1.483491941122354319e+03,-2.516571262047828270e+02
-8.458205271130124174e+02,-1.774818040298416236e+03,-5.932218375278474696e+02
-1.395017431548922559e+03,-1.759801509205432012e+03,-1.329815453742906186e+02
-9.782545703875997560e+02,-1.637690555936486135e+03,-1.323250702135221104e+02
-8.703091985261918353e+02,-1.736570076913347066e+03,-4.202437155845786947e+02
-1.350032466181752852e+03,-1.682100400342129888e+03,-6.514492998069340501e+02
-9.995832395068867982e+02,-1.767780920626896659e+03,-1.292724742054347473e+02
-7.240317404490677973e+02,-1.584024440969641773e+03,-4.998171488177206925e+02
-8.795244835866330959e+02,-1.624377224227931947e+03,-1.311598886272029176e+02
-1.090767809143807199e+03,-1.689370152188560951e+03,-6.227659298582004794e+02
-7.811996602311123752e+02,-1.739453468481967548e+03,-1.017128269886652447e+03
-1.040132084704181807e+03,-1.415746398208416167e+03,-2.188061167980312582e+00
-9.718438742252287739e+02,-1.729812730801158750e+03,-8.632958147056560847e+02
-8.969310150165954383e+02,-1.436284237402410554e+03,-2.564940803433103156e+02
-8.799802926822786731e+02,-1.820567604249453780e+03,-1.286042340031090987e+02
-6.549074009806258800e+02,-1.758379256589045099e+03,-3.881121582315593628e+02
-1.239014134082353394e+03,-1.406812373193712801e+03,-3.802682922080187495e+02
-8.638318084288983982e+02,-1.333238482794427910e+03,-2.595061670126719946e+02
-9.004088175168578800e+02,-1.738103398540858734e+03,-4.029404316718927817e+02
-9.779756318333317040e+02,-1.636613782654629404e+03,-1.309356078542733712e+02
-9.769917332329079045e+02,-1.545659288654814873e+03,-2.114005400895275333e+00
-9.527114802230740906e+02,-1.483655198753148170e+03,-3.990695922088023053e+02
-1.307700651577858935e+03,-1.767254065048962730e+03,-3.800713815250534253e+02
-8.150501006130846235e+02,-1.414140302489112401e+03,-3.994315257054208246e+02
-6.415213560566272690e+02,-1.771204640413612879e+03,-1.310283702398311902e+02
-9.848677683715478679e+02,-1.765235472483283957e+03,-4.953204087392034012e+02
-1.026675868181063151e+03,-1.745560843111532904e+03,-2.510477189839469645e+02
-8.605424233350126997e+02,-1.589680260773421651e+03,-2.671807902165379573e+02
-1.043855644774810798e+03,-1.531073256387924403e+03,-1.322271873687352297e+02
-1.015409369795388102e+03,-1.631112436360397396e+03,-3.928516005460113547e+02
-8.930903670704805108e+02,-1.698188335080061279e+03,-1.267232380205178828e+02
-1.250883138008913420e+03,-1.639269741542095062e+03,-3.762164309953935231e+02
-9.267702987498656739e+02,-1.682970375483708494e+03,-4.106967384886208947e+02
-1.446560161525125523e+03,-1.648546094829372578e+03,-3.437783141613963700e+00
-9.315980083509348333e+02,-1.384687713015730878e+03,-1.615053579927940291e+03
-1.107964499488444972e+03,-1.357965405415807709e+03,-1.618693345562923014e+03
-9.814613034961224685e+02,-1.786640890511980615e+03,-5.192900203321685240e+02
-8.588534332901093649e+02,-1.765267007881639984e+03,-3.930566450655581434e+02
-1.096495788700462526e+03,-1.846600029667439458e+03,-3.927693474720415452e+02
-1.486280184426634150e+03,-1.431034881357826862e+03,-2.293605731859143404e+00
-1.417018885870524173e+03,-1.375049327879419252e+03,-1.283843179762789077e+02
-1.206839435417169170e+03,-1.803069770779714645e+03,-1.304309198222429700e+02
-1.141046424068036004e+03,-1.366861828018781125e+03,-2.614493976721312833e+02
-1.263451283712430268e+03,-1.566906230551754106e+03,-1.135983963584478261e+03
-6.420703736719152630e+02,-1.560220535230644373e+03,-7.519988472332448737e+02
-1.538199303519467549e+03,-1.726553133844870899e+03,-2.520957299435490029e+02
-1.071989918042400632e+03,-1.561929602010724238e+03,-3.779815512744453372e+02
-8.449545374262063433e+02,-1.834538539346259995e+03,-1.207471852247916559e+03
-9.595261128613498158e+02,-1.462305127608045041e+03,-1.255972176432325682e+02
-1.227760049916807020e+03,-1.753214119420334328e+03,-1.309062357117558122e+02
-9.703604801649250930e+02,-1.522989060732727694e+03,-1.324481489451815719e+02
-1.240467177518157769e+03,-1.779892661667404354e+03,-1.539012230335994673e+03
-1.330827589299287638e+03,-1.600238713851915918e+03,-1.688152333217004308e+00
-8.910649720320161578e+02,-1.768157398055332351e+03,-1.302193128079757969e+02
-1.211531810202193356e+03,-1.675244669184747863e+03,-2.779710353537172995e+00
-9.032731295912760743e+02,-1.388439652395676148e+03,-4.490973694872756710e+02
-8.565142987781375723e+02,-1.693616204704513166e+03,-1.297347443169026917e+02
-9.061669754832065564e+02,-1.439618188715237466e+03,-1.275077976595633658e+02
-7.294904386420180344e+02,-1.469121349941828385e+03,-2.575521920369159261e+02
-7.691521585736491033e+02,-1.618101942660749728e+03,-2.582550644383020426e+02
-7.515781229184885888e+02,-1.564260048115594827e+03,-1.440367885778093296e+03
-1.217821560118240996e+03,-1.810731650032275638e+03,-2.604656311512742377e+02
-8.669023901172181468e+02,-1.429386387101436185e+03,-6.013549670188142500e+02
-7.743605216778897784e+02,-1.517483851505489611e+03,-7.181268682142539319e+02
-8.641204296022910967e+02,-8.802251456822887121e+02,-8.728843430586143768e+02
-1.175983254080274719e+03,-1.765719020600750355e+03,-1.295358546432936180e+02
-7.676888321467623655e+02,-1.447722973851026381e+03,-4.106252242775546506e+02
-1.084249813774868244e+03,-1.467930964492309613e+03,-3.962892613930448533e+02
-7.586578740696515979e+02,-1.435774145841347718e+03,-2.606647913639117746e+02
-1.195513572270959457e+03,-1.683532853258361229e+03,-1.267086368315765412e+02
-1.551016010413664162e+03,-1.491831548887292001e+03,-7.593030737784525854e+02
-1.152879013429135057e+03,-1.322027019943646110e+03,-1.306755160676171386e+02
-8.481381480680990990e+02,-1.493914197563723064e+03,-1.714075750518019525e+00
-1.033285550486565626e+03,-1.736983391563055648e+03,-2.246647502123504392e+00
-1.119595462792378157e+03,-1.512658067276200200e+03,-5.537382245086638477e+02
-9.596440849623037366e+02,-1.766963054329242141e+03,-1.700575513573393209e+03
-1.289354890201673015e+03,-1.743406032627697869e+03,-1.734823267177374191e+03
-8.546727861882366142e+02,-1.496344927420931526e+03,-1.737404510246578493e+00
-8.916020379031067478e+02,-1.312146253638501548e+03,-2.570268332419950070e+02
-7.597544159038626503e+02,-1.529504385532822425e+03,-7.795662099525284248e+02
-8.765520663800862167e+02,-1.550975766080126277e+03,-2.549830497108071938e+02
-1.342098831778312615e+03,-1.563021035058482539e+03,-3.777945605289722835e+02
-1.042223011377170678e+03,-1.712552463965557990e+03,-3.827654069557191292e+02
-1.028274439208978947e+03,-1.670554024240765557e+03,-1.304833725529872765e+02
-1.268945365871801187e+03,-1.465345296549654449e+03,-1.274981002138046762e+02
-1.409460938319019078e+03,-1.430573416642075927e+03,-2.526027902224971342e+02
-1.317181867550713378e+03,-1.392912888129257226e+03,-1.303834833461712606e+02
-1.255962543234957138e+03,-1.731425216623324104e+03,-1.291971918210558101e+02
-1.043853888709798184e+03,-1.825256121366396883e+03,-1.309969203671463163e+02
-9.018523831245705651e+02,-1.710823366796245182e+03,-1.315293847907248015e+00
-9.542444279629593211e+02,-1.482904329540361459e+03,-5.215208345703518944e+02
-1.152646523918577941e+03,-1.645949256900727732e+03,-3.984914956954793297e+02
-9.759977127701591826e+02,-1.726656440447779232e+03,-1.283142007928600776e+02
-8.621544557180611719e+02,-1.829452631413941162e+03,-1.264521206804960940e+02
-1.213884682567210120e+03,-1.670671678426808967e+03,-1.260938377400877499e+02
-8.992628374699730784e+02,-1.773773270662933328e+03,-5.137284958454137040e+02
-1.105573523575592617e+03,-1.682231323217270074e+03,-1.690296940165322059e+00
-1.182833117722296493e+03,-1.772516521059054867e+03,-3.842808558472171967e+02
-1.122302040782117729e+03,-1.747406831394995152e+03,-1.284389667746309840e+02
-9.926640281382415196e+02,-1.417007628455146460e+03,-7.051187621707215385e+02
-1.268274856475483830e+03,-1.518337663840319010e+03,-1.280618324243831410e+02
-1.022480606874230261e+03,-1.763603295626901627e+03,-7.364116473789468955e+02
-9.171531649659284540e+02,-1.368489794057831887e+03,-2.040173873704959284e+00
-1.039107450301485642e+03,-1.593168911508735391e+03,-1.290960852989918521e+02
-7.652628568553806190e+02,-1.504872934650495608e+03,-1.311915054675275485e+02
-7.691704059665621571e+02,-1.642410064196213625e+03,-3.856108022482193860e+02
-1.172506060016019546e+03,-1.734949068608935022e+03,-3.887051309568748252e+02
-1.361754496796233298e+03,-1.584127543551159533e+03,-3.829053574856858972e+02
-7.660513250741618094e+02,-1.545192479929544106e+03,-1.080590630661161677e+00
-1.528899631381420022e+03,-1.335937329673623026e+03,-2.521155513153911727e+02
-8.844178818101871684e+02,-1.697102737141431589e+03,-2.579528853693044539e+02
-1.257072720298400327e+03,-1.544270145782791360e+03,-2.577107701486812630e+02
-7.523847671557255126e+02,-1.731057939435245544e+03,-1.652897022340623835e+03
-8.932884813261334784e+02,-1.723096417426291737e+03,-2.520202121877822492e+02
-1.359044457513444513e+03,-1.730074025434035093e+03,-1.368023924029939664e+00
-1.062868539705330704e+03,-1.248613635257248461e+03,-3.966907119729380042e+02
-7.682389554890135059e+02,-1.642145213880858819e+03,-1.427743640837069172e+00
-9.012180336132088314e+02,-1.492195090533705070e+03,-7.539354341580074106e+02
-1.387619624007325001e+03,-1.692199765651268990e+03,-1.275472019123462957e+02
-8.845427974460570795e+02,-1.513544848555360886e+03,-3.777581742880269644e+02
-6.564367445207700484e+02,-1.621334167888769571e+03,-1.285386782924013289e+02
-9.038818594893349427e+02,-1.262204133498845522e+03,-1.486005506362387596e+00
-1.221196923840153886e+03,-1.598886963721952952e+03,-7.544607740477757716e+02
-9.043596926892262218e+02,-1.728664110643732784e+03,-1.255941530375572910e+02
-1.289025083977478516e+03,-1.707072516232362432e+03,-2.592999051681318292e+02
-1.237669238170510425e+03,-1.682794652610356934e+03,-4.831943115074722641e+02
-9.000593620902615157e+02,-1.654350041156910038e+03,-1.024059315272583204e+00
-1.020652166391656579e+03,-1.382761251725150942e+03,-1.298783694137440250e+02
-7.449228194402587633e+02,-1.736857436852479395e+03,-1.086122138987564540e+03
-5.232517013850113017e+02,-1.393688181453314428e+03,-7.527269735439434726e+02
-8.629743137164126665e+02,-1.725195102402039538e+03,-1.297012809943157947e+02
-7.625985699758577994e+02,-1.671050498419770747e+03,-2.571964130268934241e+02
-6.292185552180204695e+02,-1.344185669644099107e+03,-9.130016844309445787e+02
-8.666035367324312801e+02,-1.372002763771633681e+03,-1.282205993376351785e+02
-1.111458296779924694e+03,-1.533009389756752398e+03,-2.599923215394094882e+02
-8.537771166289801386e+02,-1.706587521872877915e+03,-1.590372164526329470e+03
-8.974106825137582746e+02,-1.729030685481010096e+03,-5.497634947327857624e+00
-1.188084046406320567e+03,-1.758489667717114571e+03,-5.318016747001942122e+02
-9.059801022764012259e+02,-1.762483807047220125e+03,-2.577745152181965977e+02
-7.606503460405970145e+02,-1.646575792120960614e+03,-1.280797861306325558e+02
-1.294155546760382322e+03,-1.378621808891305818e+03,-1.242366293723561341e+02
-9.136047024362924276e+02,-7.677599322935442387e+02,-1.266372838437151245e+02
-1.104561888330078546e+03,-1.743820541763209349e+03,-2.489156900980541991e+02
-7.730659506146893136e+02,-1.685860734237832958e+03,-2.439934691693443369e+02
-8.817398952249645845e+02,-7.727498307553481709e+02,-1.626353159692822146e+03
-1.058109423376879704e+03,-1.409751111709401357e+03,-8.902545471975633973e+02
-8.473256684703927704e+02,-1.769723993860671953e+03,-1.304499526974915780e+00
-1.312774076739894326e+03,-1.612330936473638531e+03,-5.458664179092739914e+02
-1.542755413027743543e+03,-1.734297687683600770e+03,-2.550583520772973429e+02
-1.061135382827460944e+03,-1.661494430909054245e+03,-1.291096796541657739e+02
-5.719122744783147709e+02,-1.610643076180951539e+03,-4.009851123128786980e+02
-8.984200251409254179e+02,-1.596144874023789043e+03,-8.319278482189455417e+02
-1.554977436065851407e+03,-1.893677640006002321e+03,-1.314256652588717600e+02
-6.428962669990530685e+02,-1.536961565817105338e+03,-4.020425919583200312e+02
-8.344578517779707454e+02,-1.358612223179893817e+03,-1.357215005450848500e+00
-1.004018430340755913e+03,-1.498583771619210893e+03,-2.608194235651209851e+02
-1.285783306532472352e+03,-1.693585316202134436e+03,-1.736209495708032291e+00
-1.097514112966836365e+03,-1.322102294169922061e+03,-3.819826139818171669e+02
-7.588963535074904030e+02,-1.548030532486342963e+03,-2.541101341868764507e+02
-1.006513767484030041e+03,-1.466133665608776710e+03,-1.318437298149492278e+02
-7.792441501365627801e+02,-1.550016899742448231e+03,-1.327918373406166666e+02
-9.423151045033517903e+02,-1.690552752693056391e+03,-2.582948636352667222e+02
-1.333961136400198484e+03,-1.715305942407574094e+03,-2.570915004954019878e+02
-1.317196631282528870e+03,-1.660141455182704021e+03,-3.716010470726468498e+02
-9.033369696809704692e+02,-1.360573501011575217e+03,-1.314185936764665144e+02
-1.140600518813545023e+03,-1.697060072401693105e+03,-1.278194793247826198e+02
-9.027522670723568581e+02,-1.701996753097167129e+03,-1.164235325313626390e+03
-9.457970943688476382e+02,-1.482686534721350654e+03,-4.975842670713379903e+02
-7.344448469369631312e+02,-1.520263647190402708e+03,-4.000661064457667635e+02
-7.382271357770615623e+02,-1.652438709093262332e+03,-1.278604567812912052e+02
-5.569280241473687738e+02,-1.660369994797443042e+03,-1.274377339862924856e+02
-1.184744657711083846e+03,-1.626503474003743349e+03,-1.606013549469185818e+03
-6.459817584243212423e+02,-1.719714533468209083e+03,-6.422833575956883578e+02
-1.041395092347047694e+03,-1.614091685052094363e+03,-5.458756346134363184e+02
-1.396105935355132260e+03,-1.445439380976083839e+03,-1.283616768664604990e+02
-1.121267918439339837e+03,-1.627399890051311559e+03,-1.266074031887240494e+02
-8.605034282296871879e+02,-1.732439211281943926e+03,-1.307799521757621930e+00
-1.413572878282044030e+03,-1.395051002695810439e+03,-1.281481136519688562e+02
-9.017075170973868126e+02,-1.538856638327571318e+03,-9.579146146535661046e+02
-7.599326930220424856e+02,-1.544636396704866229e+03,-2.637763253894014497e+02
-7.900503309228296303e+02,-1.650610563362190987e+03,-1.284771911721974789e+02
-1.019032218516588159e+03,-1.542764319176622394e+03,-1.268122210473990208e+02
-9.779305700463634139e+02,-1.681755009758416463e+03,-2.582307930779917911e+02
-1.408847841148463885e+03,-1.661066323650530649e+03,-7.397445110799405938e+02
-1.352217187688462900e+03,-1.684864368624747158e+03,-2.594229603092502998e+02
-1.117371236099593489e+03,-1.378497031921286862e+03,-1.250078061459275204e+03
-8.957229230372712436e+02,-1.748081455988050720e+03,-1.291055653852254750e+02
-1.068340752372203497e+03,-1.222002939218594975e+03,-1.250583911453566799e+02
-9.183972791058533858e+02,-1.267445940362951433e+03,-2.609911418463117911e+02
-9.375451314286299294e+02,-1.327241442411674143e+03,-1.288003773524514202e+02
-7.587770080169557332e+02,-1.722380859445100214e+03,-2.654551074172993594e+02
-1.204303211224444567e+03,-1.623806855376263684e+03,-1.310543486189167766e+02
-8.998463027038046675e+02,-1.534756094013795973e+03,-1.280792058581975255e+02
-1.081153860290916327e+03,-1.687625890748835218e+03,-1.253136850188072913e+02
-1.344906066768259961e+03,-1.318976910637239598e+03,-1.422934337961055689e+03
-1.497676108763386083e+03,-1.478371194149595340e+03,-1.102004729315856366e+03
-1.109360840008712785e+03,-1.645320014292177802e+03,-3.858219419909150361e+02
-8.892489845408230167e+02,-1.694602207196869813e+03,-1.512112419888919979e+00
-1.416124500298352814e+03,-1.350293497976202616e+03,-5.348215749589007828e+02
-4.436726932897770439e+02,-1.572613833549821493e+03,-1.236035009570099419e+03
-1.185274822624366379e+03,-1.692280735058847768e+03,-2.492735776345497811e+02
-1.190274776183236554e+03,-1.304753884087865572e+03,-1.297884928306535528e+02
-8.354307027559609651e+02,-1.688494259907088463e+03,-1.276838842762317086e+02
-9.701060965318629314e+02,-1.705299331335844045e+03,-1.283285998645333734e+02
-1.195497795200440351e+03,-1.756770747220252133e+03,-5.837213545670729218e+02
-7.784268208931041499e+02,-1.474780965109192948e+03,-1.269922346480103101e+02
-9.709430707837641421e+02,-1.292835433864357128e+03,-2.629170901712759587e+02
-6.335844979470068665e+02,-1.548750257469340340e+03,-3.968339220472123543e+02
-7.538486193128404693e+02,-1.732504491701303778e+03,-2.539879310503059742e+02
-9.172568416728614693e+02,-1.459661746364144619e+03,-4.295317172026375943e+02
-1.252466860265379864e+03,-1.515078889821761777e+03,-3.913300710113273340e+02
-1.323420736971443603e+03,-1.574544807353737951e+03,-1.270662620808482801e+00
-1.215372092537387971e+03,-1.709751365208718198e+03,-2.576274041078060577e+02
-1.089049130988090610e+03,-1.739907463248178146e+03,-1.277632069646898429e+02
-8.834627052614721379e+02,-1.722679363299330134e+03,-1.287278312982511608e+00
-6.376153304302869174e+02,-1.595088262377588762e+03,-2.586008199557109037e+02
-1.068789553220344942e+03,-1.541473860603407047e+03,-4.001208279659868481e+02
-1.555290404087174920e+03,-1.826246519011909641e+03,-5.077473105405561569e+02
-9.096796550965366350e+02,-1.434847147447193038e+03,-2.066195652395316440e+00
-1.080619315510857632e+03,-1.060021518573715184e+03,-5.543268444801979058e+02
-1.259204632659114850e+03,-1.381964924376903582e+03,-1.282577839505991619e+02
-8.258222466921649811e+02,-1.462303533308948772e+03,-1.290714093203303037e+02
-1.420354103521574871e+03,-1.734316303221101180e+03,-1.259613578877010696e+02
-1.211515753691857299e+03,-1.640668265939363664e+03,-9.751504331317004670e-01
-1.089743062923596426e+03,-1.207663820419265676e+03,-1.545185167112728777e+03
-1.094218267158705885e+03,-1.413720003715369330e+03,-5.306389494484706120e+02
-1.162345137961903447e+03,-1.644896410899380498e+03,-1.277246625253789318e+02
-1.072510767450176672e+03,-1.623052316950302611e+03,-1.300147785482573681e+02
-1.098289218516492610e+03,-1.594084901009619443e+03,-2.636767377926337872e+02
-1.158160070619540420e+03,-1.611057685354110617e+03,-1.262959510265015552e+02
-7.622433071492472436e+02,-1.666403943697172281e+03,-1.495565953252116287e+03
-6.301431636196942918e+02,-1.663316613060600275e+03,-2.534840558133610671e+02
-1.343371437567195926e+03,-1.709626383486106533e+03,-2.614314678570937645e+02
-1.533242088784131511e+03,-1.459423411425549830e+03,-1.275075388730558643e+02
-1.098862481356201670e+03,-1.338301800031608309e+03,-1.295463406864762419e+02
-1.088166980165914083e+03,-1.393277906330269161e+03,-2.512795694859175342e+02
-9.774491795669744079e+02,-1.187295827396789264e+03,-5.635358598673196866e+02
-1.180578899271543833e+03,-1.700273340532195107e+03,-1.288734719052797573e+02
-1.448062398349794421e+03,-1.421309404649669659e+03,-5.271749602392440011e+02
-1.436963673715616324e+03,-1.525322662715756223e+03,-5.307577994184359795e+02
-1.407742512269484905e+03,-1.713718611668355152e+03,-1.589001563346805824e+03
-1.512645500526400838e+03,-1.724774481128325078e+03,-5.777648864708467045e+02
-8.255683355223054605e+02,-1.755706082300157959e+03,-1.308427366638637466e+02
-7.562648726152862082e+02,-1.464027833360880095e+03,-6.349226218132746453e+02
-1.212304167578640318e+03,-1.513238291430697700e+03,-1.266448615402120339e+02
-1.177226514682025481e+03,-1.735937401670340478e+03,-1.237868268524906945e+00
-9.782604103573672774e+02,-1.570176436934224284e+03,-1.272861971735132443e+02
-9.769605215296051028e+02,-1.625434061819127919e+03,-1.773154995528102972e+03
-8.419317831240235819e+02,-1.670890699822113220e+03,-3.769241942678028181e+02
-9.241325245139277058e+02,-1.677484878609887346e+03,-1.316202863550498137e+02
-9.053937528441306313e+02,-1.716255793390685994e+03,-2.610791185445827409e+02
-8.931090163919893712e+02,-1.514981718350006076e+03,-1.274502451356233905e+02
-1.280857815813030356e+03,-1.801700593694853524e+03,-2.767587725772258409e+02
-1.195208952893436617e+03,-1.383776056831940878e+03,-2.701196907079138896e+02
-9.055701564628615188e+02,-1.683413828728789213e+03,-4.121310237133618557e+02
-7.387471920285761371e+02,-1.499864325598490723e+03,-2.250771905642956039e+00
-1.072115180391633203e+03,-1.672585652356910714e+03,-1.621311072319192137e+00
-8.853382417180841912e+02,-1.724967845856835993e+03,-1.300939928647788690e+02
-1.370781161980673915e+03,-1.561079601274344213e+03,-1.446715038542009335e+00
-1.276053347944412053e+03,-1.437592885670450642e+03,-2.881687544162638801e+02
-1.412511705055812399e+03,-1.748502066090492463e+03,-1.059809031913860736e+03
-1.198579604469551214e+03,-1.799805726515998685e+03,-2.566650850230932974e+02
-1.397776627402333133e+03,-1.704499923991231981e+03,-1.358013835816499864e+02
-8.943696435637599507e+02,-1.709508088276654007e+03,-1.280599262407943968e+02
-9.637407744902579907e+02,-1.779064595255146969e+03,-1.344993700658440039e+00
-8.716001322219403846e+02,-1.717527185892611669e+03,-1.188488267050976219e+03
-1.276222749758751661e+03,-1.463273974426067525e+03,-1.394372091153796900e+00
-1.192865379094185982e+03,-1.554604873551982109e+03,-2.464684430758742621e+02
-1.433640161747709726e+03,-1.134083796491936710e+03,-1.212801124382572880e+03
-8.460308712389910397e+02,-1.666978511881879740e+03,-2.593005441601889629e+02
-1.009498398156187363e+03,-1.749426588503665243e+03,-1.098037194519036120e+03
-1.220299123995606806e+03,-1.628254708276922884e+03,-1.221979856798055152e+03
-1.198611818287036158e+03,-1.697755424126715525e+03,-1.256275706427362167e+02
-1.219060755187606219e+03,-1.619796979769174868e+03,-4.089112514130873137e+02
-9.773161030129185747e+02,-1.591798651114559561e+03,-1.262796645885411806e+02
-6.634483746330411122e+02,-1.299012073981572485e+03,-1.295320877929467088e+03
-7.764651484643972026e+02,-1.554118258738179293e+03,-1.243415256579594370e+03
-1.034024859067176749e+03,-1.466988040214463354e+03,-1.031053082310590980e+03
-1.091188847887264501e+03,-1.349299348701295912e+03,-1.049818755450172603e+03
-1.392575146726030425e+03,-1.616110720538472378e+03,-1.317908986679207146e+02
-9.457014914112983206e+02,-1.754133168112720796e+03,-6.564033013149871749e+02
-8.670711916426046173e+02,-1.668143081377418866e+03,-1.277089351505230752e+02
-1.037854653503179179e+03,-1.482712918343855563e+03,-1.246505176205105272e+02
-9.847050689296729615e+02,-1.629561242393110888e+03,-3.878615184123783024e+02
-9.228600675950061714e+02,-1.743824914904451362e+03,-1.264325631712811457e+02
-8.835656880274126479e+02,-1.753599806988506998e+03,-2.559116340075427161e+02
-9.193237455199143824e+02,-1.346581885598074678e+03,-1.695771707677293080e+03
-8.967553069352899229e+02,-1.214345897451078145e+03,-2.727659126689575828e+02
-1.100471019051696203e+03,-1.177440641439799265e+03,-5.508605897859114293e+02
-1.229780158303657572e+03,-1.343904974045050949e+03,-1.310159609556613702e+02
-7.701532894817759143e+02,-1.780211594984216163e+03,-2.764175413107521422e+02
-1.146369050168186732e+03,-1.534548496404297339e+03,-3.866356062430169160e+00
-1.008678366858309346e+03,-1.213243243218024190e+03,-3.005849718489748579e+00
-1.085571843822312758e+03,-9.177535643684892648e+02,-2.594737644729150361e+02
-1.015994339171829438e+03,-1.752806996835532118e+03,-7.058167830017878259e+02
-1.202872855982442161e+03,-1.431331969883134207e+03,-2.596881170768978109e+02
-9.222182097372099179e+02,-1.467043636008883141e+03,-1.321280127780501061e+03
-8.874309338752482290e+02,-1.574596470599689610e+03,-4.819471056886953875e+00
-9.616422873825763418e+02,-1.405950885658648076e+03,-3.896832981588538587e+02
-1.350077432355800511e+03,-1.584455603139748746e+03,-1.301369976608519892e+02
-1.143015423047924287e+03,-1.756658169925400898e+03,-1.483095399780909984e+00
