-1.651173193464137739e+03,-1.356958962427853294e+03,-1.591365436663050559e+03
-9.072465105858661900e+02,-1.705876867548679456e+03,-1.275718879079490989e+03
-1.306966537125961167e+03,-1.628497387423121836e+03,-1.508379608737166564e+03
-1.372469566327966277e+03,-1.328105144726211620e+03,-1.264450749349174203e+03
-1.597964820403530666e+03,-1.641232511175173158e+03,-1.392272402158516570e+03
-1.085567715613344490e+03,-1.095803160589706295e+03,-1.292634697393149054e+03
-7.462565887271138081e+02,-1.611001201357323680e+03,-1.161963552836456074e+03
-1.721872287722007513e+03,-1.391963001328125983e+03,-1.388535889185835003e+03
-1.558083056936083722e+03,-1.579963954390319259e+03,-1.330740071146708033e+03
-1.622132684367747061e+03,-1.532007999111146091e+03,-1.336770234792579004e+03
-1.792301500680244772e+03,-1.527787347432761180e+03,-1.635374219022575744e+03
-1.725199444249929911e+03,-1.025814851417824912e+03,-1.534422863342566416e+03
-1.014983348793007167e+03,-1.211216449376924857e+03,-1.377986713517028420e+03
-8.543353158239118557e+02,-1.580279175675852002e+03,-1.471040227544885511e+03
-1.598635379477694869e+03,-1.564017707613533048e+03,-1.118847364282593162e+03
-1.119286934096742471e+03,-1.093019622733105507e+03,-1.581663902205605154e+03
-1.115235237834354848e+03,-1.035474052923131012e+03,-1.663517487187487404e+03
-1.228798908920833355e+03,-1.134156370927686794e+03,-1.208443226268581611e+03
-1.047984311288559411e+03,-1.516202556722112604e+03,-8.773544440745870361e+02
-1.012953991599050937e+03,-1.551540836894842641e+03,-1.317296519708277856e+03
-1.051782999640919343e+03,-1.458396537976621630e+03,-1.241051524633350709e+03
-1.351635304833612963e+03,-1.603092202079981234e+03,-1.689994007266011295e+03
-1.044005740483656382e+03,-1.464476862787334994e+03,-1.124449319157534319e+03
-1.247133951162687708e+03,-1.377724870629030647e+03,-1.569615539654057557e+03
-9.211229432111382494e+02,-1.571162567169827980e+03,-1.658466098207978121e+03
-1.041771513304327755e+03,-1.397358417138208097e+03,-1.637737479077762373e+03
-1.075668713519038192e+03,-1.343924273115440883e+03,-1.401665896875430690e+03
-1.236509463372899745e+03,-8.612087839283462927e+02,-1.640236555813715540e+03
-1.063705923431912879e+03,-1.290698593974004325e+03,-1.245802930035818235e+03
-1.028942997185797594e+03,-1.146687940600780166e+03,-1.418676342303323509e+03
-1.183627580918469448e+03,-1.272249025420566795e+03,-1.295296406338140969e+03
-1.206001304572679146e+03,-1.207058256311442619e+03,-7.752230527172650909e+02
-1.004067100300918923e+03,-1.220703395259047511e+03,-1.454045961904408159e+03
-1.561871114794848609e+03,-1.176167935126726434e+03,-1.137990727581559895e+03
-1.063566360516691702e+03,-1.289122551870591224e+03,-1.461057428654248724e+03
-9.076991558747598674e+02,-1.055405653649709393e+03,-1.168264363865096129e+03
-8.987660525121553974e+02,-1.209119308766083350e+03,-1.235177272761839276e+03
-1.081647161867504792e+03,-1.189908936219769657e+03,-1.240468123420608890e+03
-1.077729489877145397e+03,-1.203142084316051069e+03,-1.047036479437276739e+03
-1.105123410472467185e+03,-1.366891338213335075e+03,-1.314211123643153314e+03
-1.182558503281441745e+03,-1.207159050247208825e+03,-1.259573732487755478e+03
-1.463182048806475223e+03,-1.193595383253731143e+03,-1.412767253999402783e+03
-9.824909844922075308e+02,-1.044647082369730697e+03,-1.196104459517373243e+03
-1.518754035904115199e+03,-1.262754478287102529e+03,-1.421091758466255214e+03
-1.151508289655198951e+03,-1.119583477285132403e+03,-1.252795662298350862e+03
-1.595163585474167348e+03,-1.129999734061595746e+03,-1.334552012179455915e+03
-1.121362942489953184e+03,-1.017192614964966197e+03,-1.580145412332560454e+03
-1.030421589389584142e+03,-1.096342013426710082e+03,-1.399796162263047108e+03
-1.128874826424907951e+03,-9.143877136648688975e+02,-1.330426780793963189e+03
-1.278085841717912899e+03,-1.087391588484242220e+03,-1.170640480179908309e+03
-9.912230809188126841e+02,-1.464389407527683716e+03,-7.803699045930364946e+02
-1.244231613372023048e+03,-1.369298453837227726e+03,-1.536859719077535146e+03
-1.166059317894840888e+03,-1.109690232283734531e+03,-1.329803911715911681e+03
-1.422889754070632534e+03,-1.141400308766478929e+03,-1.233760780597871872e+03
-1.215573828135635040e+03,-1.148507765323070089e+03,-1.108881627244651099e+03
-1.142210765418333040e+03,-1.161128912390877304e+03,-1.242136747712985425e+03
-1.197152696373027993e+03,-1.452866085731956673e+03,-1.253284697441072467e+03
-1.097283566301646033e+03,-1.134146444229713325e+03,-1.107967525427124201e+03
-1.317584292294280431e+03,-1.178015346449065191e+03,-1.368179615910622033e+03
-1.191647895800586639e+03,-1.165124660849206066e+03,-1.154155437202565963e+03
-1.047056946860199105e+03,-1.291404673276663289e+03,-1.091296835345079671e+03
-8.841966046483404398e+02,-1.173405193631204156e+03,-1.205069182437312293e+03
-1.433468801891741350e+03,-1.137072531425624902e+03,-1.386126578777754503e+03
-1.127507503976548151e+03,-1.289828390079875135e+03,-1.138854183318300784e+03
-1.008436549612215003e+03,-1.340493298846271500e+03,-1.341616695976923666e+03
-1.156696701936975614e+03,-1.137783282921502177e+03,-1.276120204561567562e+03
-1.247397993099985342e+03,-1.119388324461702041e+03,-1.380020009547890368e+03
-1.112651171047589514e+03,-1.141980699961830851e+03,-1.361402008805609967e+03
-9.797890307978962028e+02,-1.075043373372460337e+03,-1.269282192179668755e+03
-9.739177314796082783e+02,-1.187106765533691942e+03,-1.337960819258266156e+03
-1.330711361787239184e+03,-1.634398959737508903e+03,-1.199378895786678186e+03
-1.072525495856633142e+03,-1.393303671396563686e+03,-1.267469500117260850e+03
-1.174374887245213813e+03,-9.677234639569692263e+02,-1.544947976390729309e+03
-1.104450284214057774e+03,-1.427118075728686790e+03,-3.235074769750126311e+00
-9.940003028684906212e+02,-1.222938166975917056e+03,-1.693574457772330106e+03
-9.750690252718130751e+02,-1.176275091256923815e+03,-1.333621948359282442e+03
-1.011125880983299567e+03,-1.046494390882326115e+03,-1.711992486832201621e+03
-1.052669095774744164e+03,-1.215855469348361794e+03,-1.244685971641225251e+03
-1.027057136484034572e+03,-1.572351520050674708e+03,-1.265618780281610270e+03
-1.134826482489877435e+03,-1.239961482085411262e+03,-1.272427928898948949e+03
-1.354925352469623931e+03,-1.222079827854673113e+03,-1.290979208266915521e+03
-1.126891004407000992e+03,-1.168442133392472215e+03,-1.292083763185101361e+03
-9.764662622977194815e+02,-1.608789492175464147e+03,-1.265168893393916960e+03
-1.015365157717312286e+03,-1.177213818987372179e+03,-2.253218727143968536e+00
-1.355609830408445987e+03,-1.241437198731413446e+03,-1.356545211030780820e+03
-1.323453276311455056e+03,-1.313414574799342745e+03,-1.359359383464334087e+03
-1.238584165734828503e+03,-1.290935562446920812e+03,-1.361627435801070988e+03
-1.404626830347138821e+03,-1.222233984838565448e+03,-1.256458854025114078e+03
-9.527808445338832826e+02,-1.237433647773080338e+03,-1.259519680720386305e+03
-1.042609191646200088e+03,-1.232125384749618433e+03,-2.985232475384182180e+02
-1.550576016712065211e+03,-1.127602097515318519e+03,-1.256129839586091293e+03
-9.458050955905135879e+02,-8.823197132292666112e+00,-1.693270229745815641e+03
-1.106030279810400316e+03,-1.215240080377334834e+03,-1.276292323871710096e+03
-8.992268659791800474e+02,-1.199516832660313639e+03,-1.218025970109914851e+03
-1.018450540830468412e+03,-1.156858238445591269e+03,-1.295045523153233034e+03
-1.130954462822488722e+03,-1.443592331644774276e+03,-1.658444314699718916e+03
-1.005919977751202850e+03,-1.338178840894013319e+03,-1.317685625236716760e+03
-1.358482409380763329e+03,-1.074749808136590218e+03,-1.098537169211803757e+03
-8.747148300892509951e+02,-1.213330125599582743e+03,-1.353337022520178380e+03
-1.454611928507033781e+03,-1.280085717857543386e+03,-1.297393055725184922e+03
-7.654487860387963565e+02,-1.280497415164402582e+03,-1.335762979122236402e+03
-1.219766471789718935e+03,-1.239937954347308505e+03,-1.305840484186152253e+03
-1.162882813108059054e+03,-1.312762595855175505e+03,-1.272763147440557532e+03
-1.247281407211343094e+03,-6.936632502967215714e+02,-1.308120269470150333e+03
-9.804105637081945588e+02,-1.510006200484651799e+03,-6.529226555833448629e+02
-9.645647873654786508e+02,-1.359320592517394061e+03,-1.324424524675079056e+03
-8.725045554590892607e+02,-1.225344660734285526e+03,-1.458068565196831742e+03
-7.639534534632427949e+02,-1.521102623013814991e+03,-1.330365534863534322e+03
-1.067106747460220731e+03,-1.369481525073719467e+03,-1.717954558622628383e+03
-8.877646025217321721e+02,-1.116941880966035569e+03,-1.406284382796188993e+03
-1.197661323212803609e+03,-1.145080409037438812e+03,-1.317734311034077336e+03
-1.185988046626755931e+03,-1.247830785213917352e+03,-1.314888750205292354e+03
-8.559005278930882241e+02,-1.195555295190225252e+03,-6.261204089047878369e+02
-9.744274719029903054e+02,-1.403548116923517910e+03,-1.197529556907481719e+03
-1.182577512358022204e+03,-1.486095601140498729e+03,-1.452476213420253089e+03
-8.482937294653169147e+02,-1.358352786510043188e+03,-1.302135078355863925e+03
-1.567653879444186714e+03,-1.290549204807090746e+03,-1.704099196709757280e+03
-9.999144044790930366e+02,-1.456219607624871742e+03,-1.431451844034432042e+03
-8.440926893190312512e+02,-1.268432086920480742e+03,-1.279461863749464328e+03
-9.353471691298281030e+02,-1.228438791507475344e+03,-1.335250190050146102e+03
-1.313450314204749475e+03,-1.226319206364144065e+03,-1.709080115414524926e+03
-8.728704643412105497e+02,-1.156781886911693164e+03,-1.196969556607560889e+03
-8.552139652367246754e+02,-1.249733081099218452e+03,-1.308798698364345455e+03
-1.051069657954088370e+03,-1.305712425192168212e+03,-1.692817539983459483e+03
-8.645361211348437109e+02,-1.316090995757873770e+03,-1.396274846448560766e+03
-1.237119716167007482e+03,-1.115765352725584307e+03,-6.263877439327407046e+02
-1.092528021158788761e+03,-1.107696229845354765e+03,-1.293267818551394839e+03
-8.164163504139572751e+02,-1.252082430113430064e+03,-1.668571844599972792e+03
-1.419817531944877601e+03,-1.220928455723408661e+03,-1.656437433403904379e+03
-1.234561447155024780e+03,-1.185397090650334803e+03,-1.476145467223472906e+03
-9.755010806618826109e+02,-1.118616923285322400e+03,-1.363872485005148292e+03
-1.077371427162928512e+03,-1.193983369211187892e+03,-1.386003048920740866e+03
-1.507377294389868212e+03,-1.286496129236818433e+03,-1.648659341474030043e+03
-1.262281982740546709e+03,-1.542974589706539064e+03,-1.338667354565788173e+03
-8.632576378975049920e+02,-1.197233064496884481e+03,-6.737145585612482819e+02
-8.612957434392009191e+02,-1.317995670362827013e+03,-1.633945137050890480e+03
-9.573727133717540028e+02,-1.854909087063848272e+00,-1.462406584144851195e+03
-1.057480828791694648e+03,-1.179070151241702888e+03,-1.254004570232111291e+03
-9.613890893687082553e+02,-1.323099674371875153e+03,-1.363834879600093018e+03
-9.588624010320410207e+02,-1.269806676763324049e+03,-1.621305187993710433e+03
-1.116767050370045581e+03,-1.358686364231279185e+03,-1.332747515223691153e+03
-1.349623658614670376e+03,-1.405836033184771622e+03,-1.262733478748056996e+03
-1.055761420429812688e+03,-1.482092177247362088e+03,-1.303441042057747609e+03
-1.230148890428782806e+03,-1.432692057891401646e+03,-1.260860469530836781e+03
-1.258144989735103081e+03,-1.210259246152559399e+03,-1.347339326073526308e+03
-1.376481593261629541e+03,-1.379727676283623396e+03,-1.252624426606699444e+03
-8.836389163582379069e+02,-1.235258629543718143e+03,-1.268750714121536930e+03
-1.516307731038322345e+03,-1.120382283902185918e+03,-1.574286150554655023e+03
-9.605212501542232530e+02,-1.213470724539084586e+03,-1.317818534647362185e+03
-1.163782820455307274e+03,-8.487546333459646348e+02,-1.499283803243383545e+03
-1.145587884139140897e+03,-1.342073610658863345e+03,-1.338972701755507160e+03
-7.542806364895241131e+02,-1.577686476715385652e+03,-1.324943883089205201e+03
-7.883137146193012086e+02,-1.210032092257885324e+03,-1.303334909320431052e+03
-9.588256406107728935e+02,-1.330465952200766424e+03,-1.527419421833777733e+03
-1.233138797392171682e+03,-1.337181476030174736e+03,-1.271615730550306353e+03
-1.069707496142691753e+03,-3.496988606269677113e+00,-1.270916106374476840e+03
-1.181011285557533256e+03,-1.173362764716458969e+03,-1.307875567797538224e+03
-8.116456856564465170e+02,-1.305653026947999118e+00,-1.516830652562300429e+03
-1.405768421092218205e+03,-1.397804308286469904e+03,-1.286814674960476850e+03
-1.078199421424815000e+03,-1.148737095954798860e+03,-1.284561371055947347e+03
-9.109333807969067038e+02,-1.196620536863495545e+03,-1.293795747271411756e+03
-8.568003633965896597e+02,-1.250202497583754848e+03,-1.368649351761760954e+03
-9.797885258541936082e+02,-1.188642871946014338e+03,-8.431950530075675942e+02
-1.046314849912310819e+03,-1.117666010757189952e+03,-1.533927560062521025e+03
-8.734962712123318624e+02,-1.350569912460619207e+03,-1.171331984956318593e+03
-1.214456763071969817e+03,-1.375969826720882565e+03,-4.696481531723571834e+02
-9.240334722528202747e+02,-1.228069457471597161e+03,-1.275159899781008107e+03
-8.806569001438583655e+02,-1.279613104117102239e+03,-1.517980745428898445e+03
-8.725475120489278424e+02,-1.754562790256016358e+00,-7.417795129104106309e+02
-8.659957278968679475e+02,-1.515546643820604686e+03,-1.518084069324389475e+03
-8.612737850875759023e+02,-1.441151385854311684e+03,-8.806655354836525476e+02
-1.406437235310974074e+03,-1.303888896401708280e+03,-1.528556544725468939e+03
-9.486677565722603731e+02,-1.182659501687224974e+03,-1.312925676346056434e+03
-9.857918038042122362e+02,-1.317042044037709729e+03,-1.520058245153168400e+03
-9.676926857448587498e+02,-1.893265725180634185e+00,-1.192982925589892375e+03
-8.874395334414620038e+02,-1.329609717903769024e+02,-1.335845783935641521e+03
-9.793659003005039949e+02,-1.250519359928096819e+00,-1.269610002246479326e+03
-7.753375867168261948e+02,-1.322474972622218274e+03,-1.103002572145431714e+03
-9.583155716748552777e+02,-1.206224998633361110e+03,-1.277219268941300243e+03
-8.063514595992320437e+02,-1.519987217155329745e+03,-1.030329954400467614e+03
-1.400454819496341315e+03,-1.239093622299169056e+03,-1.173158619694794197e+03
-1.175786337522542453e+03,-1.390562643307707276e+03,-1.129142005888082849e+03
-7.783820298625124678e+02,-1.395380320526514062e+00,-1.245569525794783885e+03
-1.223416446344592487e+03,-1.413585896417972663e+03,-1.545507370525292117e+03
-9.901440338736171043e+02,-1.350901377242130366e+03,-1.314219911630985735e+03
-8.740893646280570692e+02,-1.258736253021412722e+03,-1.269063313228330344e+03
-1.072064695715737798e+03,-1.633248492495223445e+03,-1.722262751348706766e+00
-9.496634165770126401e+02,-1.510916246174410389e+03,-1.277218321516344076e+03
-1.256932953337254503e+03,-1.397879434392557869e+03,-1.301149105879402669e+03
-1.252833648282042759e+03,-1.043848453427304321e+03,-1.051311169729388666e+03
-9.674111145133291529e+02,-1.116225477825455528e+03,-1.515514105299435414e+03
-1.209469583772546684e+03,-1.630065120407200766e+03,-1.387987941464745290e+03
-1.231579800958310670e+03,-1.085490612024012307e+03,-6.849983014952645135e+02
-1.103688508487243780e+03,-1.073185295596368633e+03,-1.550544952193212794e+03
-1.198916802701759025e+03,-1.071149142380065314e+03,-1.139364050512437416e+03
-6.356376393334389832e+02,-1.095502517752398717e+03,-1.515245473934990059e+03
-1.233618483522190218e+03,-1.342930186916948287e+03,-1.516584771372650948e+03
-1.305906534332999627e+03,-1.685508688878985417e+00,-1.324832644849735061e+03
-8.129533860141792729e+02,-1.271852399531660922e+03,-1.199464488678732096e+03
-9.647904254793396603e+02,-1.268710762607828656e+03,-1.521957150166438851e+03
-1.087317762314870834e+03,-9.622743752376841258e+02,-1.293833254535749347e+03
-7.870058656393466663e+02,-1.314401096717843984e+03,-9.844817866752566715e+02
-1.500415571654973292e+03,-1.106291838875418534e+03,-1.530502281025369030e+03
-8.724862445783247722e+02,-1.370092561043310752e+03,-1.280339868130801506e+03
-1.016498133612574293e+03,-1.306298472995138809e+03,-1.158366482448972647e+03
-7.484098793813695920e+02,-1.205631734450456406e+03,-1.191231707608089437e+03
-7.566370714979732384e+02,-1.032764929997895933e+03,-1.115836488162964088e+03
-9.678254215564792275e+02,-8.291981397156512612e-01,-1.522058467150895240e+03
-7.492210627512120027e+02,-1.178775334598660038e+03,-1.525805599861212841e+03
-7.296684923937125404e+02,-1.253319723721314858e+03,-6.610999530117683207e+02
-1.086719722197845840e+03,-1.145062364155997102e+03,-1.220425867330430265e+03
-1.480707767664924859e+03,-1.264582016045098271e+03,-1.269833732470220411e+03
-8.788659407999714404e+02,-1.636099111370763239e+03,-1.129418093149150081e+03
-7.379719855714715777e+02,-1.285611203039673228e+03,-1.023875097582326589e+03
-8.543083507504831005e+02,-1.328591983320717873e+03,-1.309100036523087056e+03
-1.283009146115294470e+03,-1.166643478393306168e+03,-1.280167516361956814e+03
-1.175568406964812539e+03,-1.243190105482009585e+03,-1.373714223670083811e+03
-1.057716730742794425e+03,-1.232100449694783265e+03,-1.295466923321195964e+03
-7.624734371424697201e+02,-1.150823969206010815e+03,-9.688178107096464373e+02
-7.473492796037199923e+02,-1.226334432536158374e+03,-1.005438904102480478e+03
-7.422403979472535411e+02,-1.515772510203711363e+03,-1.072211294883781193e+03
-1.525097580157268794e+03,-1.520014885721576093e+03,-1.251569754134099412e+03
-7.730759221275616255e+02,-1.131422426636538830e+03,-1.295927011240842830e+03
-1.354576615018852635e+03,-1.631359872459964208e+03,-1.574783313787575253e+03
-1.145513228715726882e+03,-1.520561624418224028e+03,-1.219093913576292152e+03
-8.565212961583152946e+02,-1.097946712110857789e+03,-1.269097286739858191e+03
-6.310557728054914151e+02,-1.071954112803613498e+03,-1.136250870675707802e+03
-7.897512124313711865e+02,-1.201064587779299018e+03,-1.522825292811508916e+03
-1.152196087680632445e+03,-1.253000239934127649e+03,-1.339950511165332273e+03
-1.108470816409077315e+03,-1.309105898803872606e+03,-1.233503769515268687e+03
-1.459482141196623616e+03,-1.465539597489886546e+03,-1.159785980357596145e+03
-9.086449557276706628e+02,-1.176954810437415290e+03,-1.175454427738376808e+03
-1.105455344379183316e+03,-1.289518803076833819e+03,-1.281310424511541896e+03
-9.385001869599681186e+02,-1.191868036818261089e+03,-8.760827843331659324e+02
-9.354309567012421667e+02,-1.281875416303428437e+03,-1.133807010244160665e+03
-8.017710741761151212e+02,-1.102189861211805237e+03,-1.319052686779103624e+03
-1.019032661285434074e+03,-1.144078452363781253e+03,-1.296456529693145512e+03
-1.243917412814733325e+03,-1.197198691466274113e+03,-1.172302028179898571e+03
-1.269139694352815923e+03,-1.396586159359185103e+03,-1.567540597407479936e+03
-8.874351112126375938e+02,-1.233243592916516945e+03,-1.313945765885585615e+03
-1.225926004497212034e+03,-6.814463627825024794e-01,-8.765322342163035785e+01
-8.976510591002821684e+02,-1.400030115941400936e+03,-1.635741505924253033e+03
-1.274125627827352901e+03,-1.195395384229685988e+03,-1.681546112656811260e+02
-1.365483599028527578e+03,-1.106496814512660194e+03,-1.245533122935247548e+03
-1.075745838593779808e+03,-1.341583235274883236e+03,-1.303590494915125191e+03
-8.822150758556199435e+02,-1.238183421054203791e+03,-1.255814812808815532e+03
-9.735997900014792776e+02,-1.292422195220103276e+03,-5.690682260850768444e+02
-1.068251035504978063e+03,-1.103178145663054499e+00,-1.309906393101083040e+03
-1.329790698457414010e+03,-1.097868852636393513e+03,-1.306564083948183907e+03
-1.387802619356689320e+03,-1.270463504028243278e+03,-1.207216996255192043e+03
-8.469340463592430979e+02,-9.802228555787049800e+02,-1.327514529831662230e+03
-7.573972591594614414e+02,-1.637367905790224995e+03,-1.519635511166117340e+03
-7.818985634626686760e+02,-1.346406686937589711e+03,-1.060748034739341392e+03
-9.284784511549470380e+02,-1.184623799689052021e+03,-1.305921837636623650e+03
-9.628206241318655429e+02,-1.184761856190420076e+03,-1.636171349257095926e+03
-7.607368014295781222e+02,-8.963640730832830306e-01,-1.260537454672031572e+03
-1.283844274186123812e+03,-1.272954640212676168e+03,-1.268131354215739293e+03
-8.525491522882455229e+02,-1.134663829634015428e+03,-1.042759496315842853e+03
-6.218352698269552548e+02,-1.198230874368203331e+03,-4.319569617334217959e+00
-1.082323325565932009e+03,-1.625576735349108276e+03,-1.388699627240790733e+03
-7.562591300280240603e+02,-1.338030806555514573e+03,-1.363425737878115115e+03
-1.182346063912403906e+03,-1.253041037136866862e+03,-1.113185651426324966e+03
-9.967757279186647565e+02,-1.317292426821536310e+03,-1.376243901004712370e+03
-8.735587926504214238e+02,-1.362024132495737831e+03,-1.296058557333750286e+03
-1.414139048021986810e+03,-1.165538184410284430e+03,-1.294570209028830050e+03
-1.343340214527284161e+03,-1.272948472799647334e+03,-1.293963862428442553e+03
-9.705217287150225047e+02,-1.386142647014139811e+03,-1.304169999556860148e+03
-9.159903939812750195e+02,-1.225698682875928171e+03,-1.227916682660052402e+03
-1.444164438234081672e+03,-1.794951330590796479e+00,-1.321985042714180736e+01
-1.181282444316133024e+03,-1.471644942000536730e+03,-1.163255046699164041e+03
-1.209768936446758289e+03,-1.256360984919647535e+03,-1.330162619409865556e+03
-8.705393753894659312e+02,-1.109009420204789649e+03,-1.293582909199581536e+03
-1.304225731284470157e+03,-1.162782051409468068e+03,-1.385184308592678008e+03
-1.402460805538866452e+03,-1.128529555854777877e+00,-1.352648555599643487e+03
-8.636885180409805116e+02,-1.516597908960467976e+03,-1.521573692244124686e+03
-5.998981475132372907e+02,-1.231324932687089358e+03,-2.080131013082836944e+01
-8.519484595609740154e+02,-1.305980078537900908e+03,-1.217507622737172369e+03
-9.828546489889231452e+02,-1.416552579083960154e+03,-1.318767260399848738e+03
-7.735305747619049725e+02,-1.483160958577777592e+03,-1.186604836077375921e+03
-1.138033855107141108e+03,-1.292268691232047104e+03,-1.333279124273502021e+03
-8.650130947841882971e+02,-1.260909791915519008e+03,-1.141741312214103573e+03
-8.784819680981574948e+02,-1.153094030716407588e+03,-1.519648427432174003e+03
-1.438379301641283519e+03,-1.260225144598210591e+03,-1.114960064489948309e+03
-1.377710651948839086e+03,-1.212767774322664536e+03,-1.235819661191341993e+03
-1.230837011666258149e+03,-1.318578016892398637e+03,-1.286560314437857869e+03
-7.405470310055035270e+02,-9.383167478280802776e-01,-1.515073522758010768e+03
-1.398004606537907421e+03,-1.058658398027353542e+03,-1.355308772824121434e+03
-1.254565306088308489e+03,-1.322359493821541037e+03,-1.515759472495366708e+03
-6.366612985447263782e+02,-1.366827859891908247e+03,-1.367026753813170444e+03
-6.250005585069562812e+02,-1.338173351132315929e+03,-1.304402542412579123e+03
-8.943175833033029676e+02,-1.300351055849832846e+03,-1.518818535776229282e+03
-8.361796331586334645e+02,-1.276209399487643168e+03,-1.143953791060059530e+03
-7.550197471268739946e+02,-1.253545789468911607e+03,-1.317213016740264493e+03
-7.868264872221468522e+02,-8.763684911014660850e-01,-1.207881449721054423e+03
-7.769377988744897721e+02,-1.153264947465300338e+03,-1.334197421110012556e+03
-8.948026208901154632e+02,-1.310208788285270884e+03,-1.634174207232455501e+03
-1.266723611911875423e+03,-1.244529103504026352e+03,-1.346206469991747326e+03
-7.695943479594322980e+02,-1.518485475858951759e+03,-1.515637772243302834e+03
-9.918908126477844007e+02,-1.517731969062773260e+03,-1.533297538041708741e+01
-1.090834265869111732e+03,-1.166863953553963484e+03,-1.304733102899269852e+03
-7.625598166726773570e+02,-1.192708638379287549e+03,-1.502347928117202400e+03
-7.741572839175248646e+02,-1.522754505116485007e+03,-1.171738347047405114e+03
-8.792322378817283379e+02,-1.313839317719189921e+03,-1.345751500864027093e+03
-8.916468335580907478e+02,-1.130580432562581109e+03,-1.524730060366400863e+01
-8.464328810454777567e+02,-1.153032341106818421e+03,-1.080671317102609308e+01
-1.199201533076090755e+03,-1.164219233557429106e+03,-1.416378176486460916e+03
-1.480291381341334272e+03,-1.295712600894048364e+03,-1.139259536688412709e+03
-1.311032097314835937e+03,-1.445789215816010609e+00,-1.382883183080640492e+03
-1.283791877063872334e+03,-1.191857088136645260e+00,-1.138067296007186087e+03
-1.078924620295802242e+03,-1.383193656991288435e+03,-2.620266694058380530e+00
-9.087142156135795403e+02,-1.351868709885313365e+03,-4.788191019473707399e+00
-8.741972356707204881e+02,-7.886759103282737771e-01,-1.378280554167568653e+03
-8.696052997240957438e+02,-1.366944586854390991e+03,-1.234307325847541051e+03
-1.204890486558446810e+03,-1.293238121803604599e+03,-1.347221015391923856e+03
-1.268405098826576022e+03,-1.378885910919405660e+03,-1.409844138236662047e+03
-6.284419678192639367e+02,-1.321599418652116356e+03,-1.192645992755780526e+03
-8.869013625322096459e+02,-1.294527005182075072e+03,-1.418915813437256702e+03
-1.002716633099999740e+03,-1.459222262833651484e+03,-1.378431132323414431e+03
-1.437119169377838489e+03,-1.278336316177505523e+03,-1.288981762753442808e+03
-7.726021849021929029e+02,-1.147203692592047673e+03,-1.302883879623575467e+03
-1.390002556147125688e+03,-1.516057629742740831e+00,-1.350086870271352609e+03
-9.125655920037947908e+02,-1.322690303326601224e+03,-1.517260003825708736e+03
-9.723218677327662363e+02,-2.096727864151387344e+00,-1.518517183032040975e+03
-8.609149441169520287e+02,-1.903529621049806053e+00,-1.233950285732933935e+03
-1.296700890123398949e+03,-1.129427379238965386e+03,-1.379206488003826962e+03
-1.180752518926938592e+03,-9.507662506437392267e+02,-1.272561978770879932e+03
-8.455101362818199959e+02,-1.091793657136208795e+00,-1.369061469404477521e+03
-1.201124381006248996e+03,-1.313362341430567312e+03,-1.290002700212823356e+03
-7.685206909139986919e+02,-5.754917947338222817e-01,-1.336785246909253829e+03
-9.879194900859379231e+02,-1.311412725108174982e+03,-1.527421679442990580e+03
-8.984715353769164494e+02,-1.236756282594683626e+03,-1.215201439665645012e+03
-8.349225667559170461e+02,-1.318195981952491820e+03,-1.310389763630828156e+03
-1.336876915464281865e+03,-1.422170274467903937e+03,-1.520826038193029945e+03
-6.877102323139066584e+02,-1.288384181363297103e+03,-1.164528099918884664e+03
-1.222139674500956744e+03,-1.393625197692819029e+03,-1.638700934932861628e+03
-1.504404898539921078e+03,-1.206694473568107924e+03,-4.442430990348821069e+02
-9.640075130962716230e+02,-1.272650733293174426e+03,-1.278652701389638423e+03
-7.569289647424611758e+02,-1.517205933080348359e+03,-1.380446298097646149e+03
-1.081278369658663223e+03,-1.358396640256086812e+03,-1.104810381074081306e+03
-1.090767945423569017e+03,-1.334075317893222291e+03,-1.321126915527709343e+03
-1.235082291767342895e+03,-1.200622797949018377e+03,-1.351924495297538897e+03
-8.851938984186580228e+02,-1.161813940415797441e+00,-1.350230689361279474e+03
-7.671349781366862999e+02,-1.365017072406613806e+03,-7.010839853757888207e+00
-9.675166350553721486e+02,-1.363632470094296650e+03,-1.526147497577531567e+03
-9.794129778978630156e+02,-1.342033323791395105e+03,-8.056545252930687795e+00
-1.248726558246094783e+03,-1.346174040075581161e+03,-1.642108956989322905e+03
-9.054446376663933052e+02,-1.320801368098240346e+03,-2.162327828167376786e+00
-7.612473535539744489e+02,-1.269810855171226649e+03,-1.358513860155196880e+03
-1.029954023339129208e+03,-1.279667519371484786e+03,-1.333809079065492369e+03
-8.820762649036465746e+02,-8.240225816039196127e-01,-1.443527574621719168e+03
-1.231277518671599410e+03,-1.324919427116598854e+03,-1.519329933229916151e+03
-1.320743404485074052e+03,-1.278307061414697728e+03,-2.352552291894689951e+00
-1.362100549986911346e+03,-1.237337869692997401e+03,-1.517165458380065729e+03
-7.251052082958972278e+02,-1.182424007540004368e+03,-1.316685005133060486e+03
-8.942866978877486872e+02,-1.519660754688684619e+03,-1.299121695610357619e+03
-9.879986488498486779e+02,-1.643453837131945420e+03,-1.360555188464022365e+02
-6.270359278177824081e+02,-4.790215997962559591e+00,-1.640154475363011898e+03
-7.159167784059745827e+02,-1.305114434413074150e+03,-1.332117540698443008e+03
-1.019127817278052362e+03,-1.155252159639699627e+00,-1.464713318045997084e+03
-7.665710429069686143e+02,-1.317187368041902346e+03,-1.518651851774505758e+03
-1.098218936412765743e+03,-1.232164638829206524e+03,-1.640524101001254621e+03
-8.520079962489796799e+02,-1.193441741539490067e+03,-1.516052025011659680e+03
-1.114253265604578701e+03,-1.640520835259744445e+03,-1.636398611830332129e+03
-7.760005120960075828e+02,-1.263383926472645271e+03,-1.339407726693492577e+03
-1.400637668413607571e+03,-1.289968038019228288e+03,-1.337466593585278360e+03
-1.026810040523601174e+03,-1.529392767836316580e+03,-1.135796391080761168e+03
-7.579816149217894008e+02,-1.261265051714128049e+03,-1.075474659021785783e+03
-8.573045244040665693e+02,-1.157158153365562157e+03,-1.772842262527384349e+01
-7.660181740732290336e+02,-1.155046347000188689e+03,-1.365575069635275213e+03
-1.104041308746458299e+03,-1.296727706543543718e+03,-1.219381407418177560e+03
-8.993602642039450075e+02,-1.529895753740150894e+03,-1.333795412787039140e+03
-9.906053981099801149e+02,-6.686089004950008796e-01,-1.029321061807780824e+00
-1.411543240378515975e+03,-1.242251677570769061e+03,-7.146917483104719082e+00
-7.579505462062325023e+02,-1.285859554600019237e+03,-1.319092767138891453e+01
-8.662852896477427294e+02,-1.376809982203799791e+03,-1.322993807322542125e+03
-9.904833489909825630e+02,-1.275186479840827587e+03,-1.051751222793138140e+03
-1.331292264587814998e+03,-1.280446937864657684e+03,-1.348769494572402891e+03
-9.832757509117438985e+02,-1.260535353279043647e+03,-1.515212140712550990e+03
-1.202921941750845235e+03,-1.352042382973394979e+03,-1.258762550422390632e+03
-9.319320473282506327e+02,-1.184479784121409693e+03,-1.144884693610028080e+03
-1.071914736941514775e+03,-1.524242153089463272e+03,-1.132290570600080173e+03
-9.053610935097501624e+02,-1.243662483397657525e+03,-1.298155989206817594e+03
-1.205643993163009327e+03,-1.231274086486308988e+03,-1.486299066467369357e+03
-9.869254437287985411e+02,-1.331680029514673834e+03,-1.184800074829371397e+03
-1.098155305800871474e+03,-1.209243162237659590e+03,-1.355110459024169586e+03
-1.445197540790052471e+03,-1.379625109457574126e+03,-1.225273341773318634e+03
-8.615516689402475095e+02,-1.472620231343047635e+03,-1.517090473269181757e+03
-1.025143057788278838e+03,-1.165744468279348894e+03,-1.354927316189462772e+03
-9.126145083126334612e+02,-7.951113382283245823e-01,-1.417365488311895660e+03
-1.300705086707136843e+03,-1.272794250105818264e+03,-1.392153264628141187e+03
-9.388833327886651432e+02,-1.019501212047815297e+00,-2.308029306446767404e+00
-8.982455489740920029e+02,-1.358675064790677197e+03,-1.316717471262676781e+03
-9.622395751184335495e+02,-1.395958887573751554e+03,-1.174385484496443496e+03
-6.497532010756851832e+02,-1.247156687086352576e+03,-1.293567788112233757e+03
-1.014939908130392155e+03,-1.187880455318731947e+03,-1.302357842735870690e+03
-8.928862286804144333e+02,-1.260556029709776340e+03,-1.302418498681617166e+03
-1.170803901429756252e+03,-1.248987706630537559e+03,-1.261125109206144771e+03
-8.031778664812790112e+02,-9.262665694086769097e-01,-1.147493133686869669e+03
-1.199908015312591488e+03,-1.323535287162531631e+03,-7.428881224828580709e-01
-7.577579321479546479e+02,-1.164419296636382439e+00,-1.143497339475798299e+03
-9.615935415014936325e+02,-1.446365986588341684e+03,-1.336291643416571105e+03
-1.084303479499654259e+03,-1.515602028910696390e+03,-1.517333483205401990e+03
-7.648417896374714928e+02,-1.146673720172003641e+03,-3.054027522573599107e+00
-7.574920072813291654e+02,-1.331475332921026791e+02,-1.384606916903158208e+03
-7.439603237239969076e+02,-1.584512134491337520e+03,-1.085553976466595714e+03
-9.096050524894053524e+02,-1.350037622253505106e+03,-1.419359817975363967e+03
-1.362026218807328178e+03,-1.507545907843006683e+00,-1.265491270735238686e+03
-9.803747955258319280e+02,-1.276223059172802095e+03,-1.417305872827776057e+03
-1.351065981980880679e+03,-1.447349648914421778e+03,-1.386072756553810015e+00
-8.236700469975971828e+02,-1.232381347721557177e+03,-1.142492947704857897e+03
-1.066020241815031568e+03,-1.159448627088958574e+03,-1.779758399466222718e+00
-8.990993439454941836e+02,-1.307731768109283621e+03,-1.203414859277157575e+03
-7.565245865608187614e+02,-1.271420258496756333e+03,-1.047391982901421770e+00
-1.322359878427282183e+03,-1.432450505583254653e+03,-2.194169425565572595e+00
-1.231699014824861024e+03,-1.294547461573503597e+03,-1.438669316137327087e+03
-7.424011040063480777e+02,-1.191873006938265689e+03,-2.805584878217848743e+00
-8.068402882867630979e+02,-1.310086774709719521e+03,-1.092451001789854992e+00
-8.062208547030679711e+02,-1.174554106968679662e+03,-1.262119149370962701e+00
-1.311542004883811387e+03,-1.309191813321023119e+03,-1.007185059436402980e+03
-8.707735553831512334e+02,-1.294313298334426236e+03,-1.224989291580713825e+03
-8.652123738884466775e+02,-1.195249677179812579e+03,-1.241503598010885980e+03
-7.700441100794716931e+02,-1.520686695972520283e+03,-1.407151926124542115e+03
-1.338742345784746021e+03,-1.179861380197007747e+03,-1.318325834670227550e+03
-7.853332346975588507e+02,-1.258507299284001874e+03,-1.417749875483091046e+03
-8.877562853306170609e+02,-1.638236019147860816e+03,-1.634245246115285227e+03
-8.257877940637400798e+02,-1.250750293761938792e+03,-1.334901889756211403e+03
-8.995692853142752483e+02,-1.362410907840079517e+03,-1.517672748847348430e+03
-9.618546499186154506e+02,-1.146893771616609911e+03,-1.635156016342006524e+03
-1.246659982904295248e+03,-1.349901296140856630e+03,-1.515182434521708501e+03
-1.153646563489501887e+03,-1.331522097267051947e+02,-1.305171973651130429e+03
-9.881228004467767505e+02,-1.167967292709697858e+03,-1.374352517845508373e+03
-1.304801518475301009e+03,-1.253454001499772176e+03,-1.314999780243588930e+03
-7.567779684452426636e+02,-1.365422990869587920e+03,-1.310248502173120642e+03
-9.033018095536067449e+02,-1.328490493826107922e+03,-1.294007228569065774e+03
-7.933598407992537886e+02,-1.300436453842424726e+03,-1.416874595626774758e+00
-8.908639966403472954e+02,-1.208287224716800665e+03,-1.300711554764436340e+00
-1.241472874758580474e+03,-1.518488499372492242e+03,-1.368171471986455117e+03
-1.104906957495688857e+03,-1.523971254250066295e+03,-1.335371345392445164e+03
-9.905665641223307603e+02,-1.431660119907368198e+03,-1.407409514492587505e+03
-7.764963584308750342e+02,-1.373427824660971510e+03,-1.274704363867004986e+03
-7.665151556335915757e+02,-2.227469516009045858e+00,-1.297527554259718045e+03
-9.492126566674098740e+02,-1.269079575329068348e+03,-1.299390183746365892e+03
-1.111471408604240878e+03,-1.238514835735188626e+03,-1.165817681940193779e+03
-1.499937996422591823e+03,-1.236514584328906949e+03,-1.363977197600876025e+03
-1.291773830451439608e+03,-1.206590169274518530e+03,-1.341705374229840572e+03
-1.075851439930135029e+03,-1.370906111883160293e+03,-1.344839110035935619e+03
-9.598133878604669462e+02,-1.349883223435455637e+00,-1.251374093778335691e+03
-1.213036272486541293e+03,-1.377000451029056421e+03,-1.370018931418580905e+03
-1.095124361609632388e+03,-1.237746690063674123e+03,-1.365466831732157971e+03
-1.415389720942080430e+03,-1.638726137847590280e+03,-1.242453422994250104e+03
-1.166054407022982332e+03,-1.450970030243187239e+03,-1.307199736654551771e+03
-9.712759729160045481e+02,-1.168117802306583144e+03,-1.628438661890390771e+00
-9.782652914924090055e+02,-1.478084075248460977e+03,-1.479572527861993876e+03
-1.000754399676857247e+03,-9.312964720403833496e-01,-1.249127666904351827e+03
-1.449217014356137042e+03,-9.680463685377438399e-01,-1.418377756302176294e+03
-1.447068786339974622e+03,-1.107969973893285669e+03,-1.292179260145067929e+03
-1.209164157931431419e+03,-1.363836025458012273e+03,-1.256530993196431609e+03
-1.532349229714460989e+03,-1.211006506814188015e+03,-1.262331341461849206e+03
-1.236524383408384210e+03,-3.325172267550859040e+00,-1.351335850046604037e+03
-7.671508757644221532e+02,-1.342958940112646815e+03,-1.145243035100815860e+03
-1.087105571606142576e+03,-1.252139194766598621e+03,-1.326103301200324950e+03
-9.868172125437216664e+02,-1.519044764130275553e+03,-1.517280357293548832e+03
-1.176856572071152414e+03,-1.109246436453074466e+03,-1.311718737755658367e+03
-1.085514842406778143e+03,-1.228831780967459736e+03,-1.509654490146150465e+03
-1.390036933093239895e+03,-4.261540797042670192e+00,-1.323239941013767748e+03
-9.757843993569576924e+02,-1.262558678640863036e+03,-1.301743603559219537e+03
-9.796601812845487984e+02,-1.433723017259769222e+03,-1.326089685879120452e+03
-1.076082348311615988e+03,-1.258494332921750811e+03,-1.202536574917659436e+03
-1.286607009002394307e+03,-1.360525161158836909e+03,-1.306967133168319029e+00
-9.647096135745417769e+02,-1.501738356836269304e+03,-1.312042049525525044e+03
-1.339232025693437436e+03,-1.476478563707009698e+03,-1.344343600332962069e+03
-9.148492358105434050e+02,-1.153980091478203576e+03,-1.259340994559217279e+03
-1.082645155886921884e+03,-1.132202458924029770e+03,-1.404188753928988945e+03
-8.706964326264255760e+02,-2.880848816439935067e+00,-1.638883649588994103e+03
-1.074977327654451756e+03,-1.189018483290571567e+03,-1.307167846797248330e+03
-1.000194890843080316e+03,-1.359872915865964842e+03,-1.208736993060578016e+03
-9.669440905851539583e+02,-1.451708702114565767e+03,-1.353910064547020283e+03
-7.806422859985079867e+02,-1.213213115400475273e+00,-1.292048897686223427e+03
-6.311102655702620723e+02,-1.268016418541634721e+03,-1.340227707629195493e+03
-7.737170952667694337e+02,-1.279405175094456808e+03,-1.296639276880358921e+03
-1.234450637684376716e+03,-1.028293602288152808e+00,-1.338597732479737260e+03
-1.494818427367838694e+03,-1.281627285637297746e+03,-1.165126198286869794e+03
-8.791645747439231400e+02,-1.234957214786469422e+03,-1.246044384937869381e+03
-1.312118868013395286e+03,-2.496281190183855081e+00,-1.334885302670180636e+03
-9.892583679338099500e+02,-1.290812565264084242e+03,-1.401114204922296722e+03
-9.216130701503877845e+02,-1.452185681838386472e+03,-1.387873786006683304e+03
-7.560914044369826570e+02,-1.156322165614618825e+03,-1.302607121090806913e+03
-8.873575420407136107e+02,-1.325504502671795990e+03,-1.256951299400130893e+03
-1.310490079801967113e+03,-1.452910708929389330e+03,-1.264121816183383316e+03
-7.951395573710893814e+02,-1.372284655845781799e+03,-1.209714373115504259e+03
-9.185293439918049216e+02,-1.244965596239086153e+03,-1.372424342827793907e+03
-1.486963601665045871e+03,-1.300177699243201914e+02,-1.473262147398884963e+03
-8.822770060346758783e+02,-1.515051318636182714e+03,-1.215518957565237088e+03
-1.458127451091698958e+03,-1.639865709843996683e+03,-1.669262523244541274e+00
-7.536869650791913955e+02,-1.515679654903322898e+03,-1.366498260331195979e+03
-8.899103415495790159e+02,-1.016030095473329311e+03,-1.736200855860418946e+00
-1.226914480619298729e+03,-1.228596580312252399e+03,-1.357076760763590983e+03
-1.468935465232692877e+03,-1.200962466048227725e+03,-1.371301078523731348e+03
-1.109280460490693486e+03,-1.141871764443084430e+03,-1.243953334570859397e+03
-1.064026439875644201e+03,-9.343089724982698296e-01,-1.454614090561222156e+03
-1.561631519649612756e+03,-1.362996320042630032e+03,-1.225894581121109923e+03
-8.740315523911772289e+02,-1.376820925001728938e+03,-1.207855924884195247e+03
-7.604711870269031806e+02,-1.480134880647104865e+03,-1.108950984569612729e+03
-1.288343968395019374e+03,-1.290086720164306598e+03,-1.290412895818853258e+03
-1.419410441767040993e+03,-1.639056203678879001e+03,-1.353566518318756607e+03
-8.784329276964912196e+02,-1.119764745352602858e+03,-1.522203886255110092e+03
-8.602929217734085796e+02,-1.283639104007005244e+03,-1.404889975656514935e+03
-7.649828111410598694e+02,-1.324130145616578375e+03,-1.039204171148204514e+00
-8.598141797512470248e+02,-1.519437558702022216e+03,-1.414875153840973326e+03
-8.950003862465508746e+02,-1.427370147627270171e+03,-1.317452307824783929e+03
-1.528492529602467357e+03,-1.284916592422109261e+03,-1.319215298020213595e+03
-1.430714061438460021e+03,-1.635898821272493024e+03,-1.426258825186416516e+03
-1.075442372149433140e+03,-1.352735920568224856e+03,-1.335547375022802953e+03
-1.165884750528610994e+03,-3.339276465012003925e+00,-1.637065272108604859e+03
-1.330996302959029208e+03,-1.228147931174119321e+03,-1.297252573770014578e+03
-8.792106718125776297e+02,-1.295375091370945938e+03,-1.316160335889967200e+03
-8.824549672441025905e+02,-1.116349149791220952e+03,-1.699292735865266524e+00
-7.645153292589267267e+02,-1.323553188244800140e+03,-4.535143655262690920e+00
-1.239438181516287386e+03,-1.523520593259182760e+03,-1.093898187111799643e+03
-1.314776898093208729e+03,-1.307617441982053833e+03,-1.397203224325366136e+03
-6.395473421050767229e+02,-2.113455490329750663e+00,-1.415417182032068922e+03
-9.545870814615655036e+02,-1.262704079119652878e+00,-1.253470715534322380e+03
-1.172088153657449084e+03,-1.523022481848521238e+03,-1.380220529185415216e+03
-1.286064700846328606e+03,-1.300258414729301421e+03,-3.635064155213971748e+00
-7.564067348759845117e+02,-1.222858514657274782e+03,-9.940039090682484257e-01
-1.016086397284016243e+03,-1.290389403488502467e+03,-1.413462857196504501e+03
-1.213667252704252178e+03,-1.228241138743836473e+03,-1.158981677077114909e+03
-1.007531556196827751e+03,-1.221651371302610642e+03,-1.181805778687167049e+03
-1.188228898214179253e+03,-1.370608576638738896e+03,-1.314719019305819074e+03
-1.205010502678890134e+03,-1.126216196125706801e+03,-1.635916797259928899e+03
-1.199373406208064580e+03,-1.312334766850158758e+03,-1.347117824274353779e+03
-1.338147448472371707e+03,-1.296820327924240701e+03,-3.320435741281340558e+00
-1.146895752405518124e+03,-1.277382312122603253e+03,-1.363424393050210256e+03
-1.314587708261767830e+03,-1.774076445826795689e+00,-1.210848493105509078e+03
-1.165538014607546756e+03,-1.407370943749573144e+03,-1.363799407087291456e+03
-1.383778456980043757e+03,-1.123671847336335986e+03,-1.165628394105447052e+00
-1.583687356604657907e+03,-1.321787543905032862e+03,-1.401822481840022874e+03
-1.304003097679310258e+03,-1.693194779055835708e+00,-1.348192265607501668e+03
-8.900496072910237899e+02,-1.124000781057404765e+03,-1.255332635769804483e+03
-8.972259509393467170e+02,-1.437088942185834640e+03,-1.412003567695172705e+03
-7.503343692791410149e+02,-1.415157686406872017e+03,-2.535733998666136468e+00
-8.897403432064577373e+02,-1.261361993696851187e+03,-1.352250574739084641e+03
-7.689068248299138304e+02,-9.801108333648527182e-01,-1.286176791308399061e+03
-9.961653696243735112e+02,-1.235608790549711102e+03,-1.386100112984578345e+03
-9.518556116542089285e+02,-1.516251698571235011e+03,-1.213089585926439440e+03
-1.375699105794924662e+03,-1.439529558097840209e+03,-1.308683364307676811e+03
-8.352216162210118000e+02,-1.265412888572279826e+03,-8.628018257828431459e-01
-8.540923574978410215e+02,-1.240129901831707457e+03,-1.398079422138315294e+03
-7.473144986243739822e+02,-1.401676466277226382e+03,-1.809001714598086341e+00
-8.500791326907360599e+02,-1.320571029201036254e+03,-1.373004233684049723e+03
-8.621490140975234908e+02,-1.116707617423934607e+03,-6.023890710546881966e-01
-7.733808482021270265e+02,-1.297017792476550767e+03,-6.470169276135740999e-01
-1.033573477166016119e+03,-1.478249236227603660e+03,-1.266627613627723248e+00
-7.681332877222571369e+02,-1.397879528130388053e+03,-1.342490855898922291e+03
-9.672077812767348632e+02,-1.377300145009766830e+00,-1.351376349631820631e+03
-9.738491905284497534e+02,-1.282514386411255600e+03,-1.374068660717618968e+03
-8.843840212261018223e+02,-1.340774608736076971e+03,-1.286407595362184793e+03
-8.865472177920560171e+02,-1.337219095428155697e+03,-1.317674735249349624e+03
-8.741331708279130908e+02,-1.187219737391437548e+03,-1.156524912835907799e+03
-1.265382962914341533e+03,-1.284574733093801797e+03,-1.345493172291621477e+03
-8.601986916543968391e+02,-1.206500338313907150e+03,-1.425215113255898132e+03
-1.190752064732858116e+03,-1.386183787470404468e+03,-1.036891445484822270e+03
-1.083155912766874735e+03,-1.333693162516349730e+03,-6.722748111449468045e-01
-1.104724713781282389e+03,-1.346112828338210420e+03,-1.403098530974333926e+03
-1.297945240782735937e+03,-1.687161325953295091e+03,-1.302966889626143711e+03
-1.018501321632148347e+03,-8.560587749916970246e-01,-1.455376589581968801e+03
-1.138841430175721371e+03,-1.409228579282561896e+03,-1.377927276597746186e+03
-1.006146805622836609e+03,-1.292079882912578114e+03,-1.214791412372805098e+03
-6.423249449969376883e+02,-4.244094338306739544e+00,-1.303934756022187003e+03
-1.007735249411516747e+03,-1.390740615521936840e+00,-1.334460813872556173e+03
-1.298358782978818226e+03,-1.278629158225835454e+03,-1.639589127942778532e+03
-1.109742727457472483e+03,-1.286579224447124489e+03,-3.981208796731275701e+00
-1.336159229950324743e+03,-1.375705616916346571e+03,-1.417478938115092433e+03
-9.870685666418494293e+02,-1.642048604798269707e+03,-1.575448516124352993e+00
-9.997573021143655296e+02,-1.380832897633491029e+03,-1.410110448183883136e+03
-8.899498773371029756e+02,-1.242170675116959274e+03,-1.359713401843644760e+03
-8.846394102208903405e+02,-1.122325705039651439e+03,-1.381559659338376832e+03
-9.141705372495983966e+02,-1.303904343678308578e+03,-1.339045197600531310e+03
-9.010658136781739813e+02,-1.254883849805730279e+03,-1.341820949215454448e+03
-8.957035303690597630e+02,-1.631833668764178356e+03,-9.060089991794528785e-01
-9.807105989946907130e+02,-1.187734830131794928e+00,-1.318974487856520909e+03
-1.107696096026607393e+03,-1.282441940572007525e+03,-1.271006436659609562e+03
-1.238232670046858630e+03,-1.137744666087940686e+03,-1.639704728226658062e+03
-8.631545561974386374e+02,-1.332708886042168615e+03,-1.374106511600269869e+03
-1.064699040805873665e+03,-1.289584901444719662e+03,-2.905960332654595302e+00
-8.592229726608687770e+02,-1.248659557421411819e+03,-1.636817246156798774e+03
-9.552054973649486556e+02,-1.124386258641433869e+03,-1.376717630361961255e+03
-8.160672095247896323e+02,-1.516386663749059835e+03,-1.139364991582413268e+03
-9.679249205999323067e+02,-1.072814798441120931e+00,-1.326614486191240985e+03
-1.405744453993468369e+03,-1.237867010027872311e+03,-1.638143511973444902e+03
-8.948321974432370780e+02,-1.481631112768352295e+03,-1.365857699075955225e+03
-9.415074859565306724e+02,-1.122523909514055731e+03,-1.295363352127742473e+03
-1.080203618349560656e+03,-1.347313270310150301e+03,-1.255669880934976845e+03
-1.201967912310625707e+03,-1.298175678563932479e+03,-1.353814251745674937e+03
-1.339508928666379234e+03,-1.253257494144011774e+00,-1.279255273204403693e+03
-9.644350223384260516e+02,-1.282091848985643537e+03,-1.340496004180293767e+03
-1.005457293876400399e+03,-1.298548918881498594e+03,-1.357237091930913493e+03
-1.173663635688726345e+03,-1.257737424356151223e+03,-1.358034527067814906e+03
-7.780492389757748697e+02,-1.060542742468470134e+00,-1.277220787564672946e+03
-7.619792853961461105e+02,-1.102205538911131271e+03,-1.355232530886375116e+03
-1.108903163345362373e+03,-1.471529786045367473e+03,-1.088188221829250097e+03
-1.574644244800502292e+03,-1.466783075344894314e+03,-1.324380180193985552e+03
-1.452129415703305995e+03,-1.132918730426998081e+03,-1.212754768649754851e+03
-8.766369525079010145e+02,-1.136580792013128985e+03,-1.364197122152348129e+03
-9.867610231154636722e+02,-9.874613069370740126e-01,-1.638011171405642699e+03
-9.034118624442625105e+02,-1.397592260203259002e+03,-1.358362503502188247e+03
-1.272727157688419766e+03,-1.292027881502973969e+03,-1.378556352521003873e+03
-1.035241056936580662e+03,-1.158181672070342074e+03,-1.347731286066639996e+03
-9.233936185039982547e+02,-1.289472631287038439e+03,-1.031723630244540800e+03
-9.902405688587228951e+02,-1.457506257093401700e+03,-1.382889001764073782e+03
-7.908131728144212502e+02,-9.993712070059808106e-01,-1.397031051905642471e+03
-1.155658975551848698e+03,-1.278743380702089553e+03,-1.425956770957377557e+03
-9.032637296731420520e+02,-1.215260187473686983e+03,-1.637698855878822542e+03
-1.082792308845917887e+03,-1.259779085306154911e+03,-3.627468651146297240e+00
-8.159089141636013665e+02,-1.265223200164119135e+03,-1.337293690417027165e+03
-1.384240982604622786e+03,-1.019997384802345142e+00,-1.166270441708577188e+00
-9.406120208502699143e+02,-1.365811409812793727e+03,-1.315109663548960043e+03
-7.517641160766080475e+02,-1.198566357062999714e+03,-1.342991053104021148e+03
-1.000086182683265292e+03,-1.357414348192189891e+03,-1.366864037471570100e+03
-9.165114004459703665e+02,-1.266979571427972587e+03,-1.372033653015990694e+03
-8.263227921165852194e+02,-2.523487677423955855e+00,-1.203545273141615635e+00
-1.131672173282977838e+03,-1.144114019839082403e+03,-1.195439171271944588e+03
-1.221435561530519180e+03,-1.434162150901057586e+00,-1.336809483219002459e+03
-9.482029647062626054e+02,-1.641053258790036125e+03,-1.329799028892897695e+03
-9.418708933721735548e+02,-1.068322322677516468e+03,-1.404741712330386918e+03
-9.952606813336777805e+02,-1.305728068567585751e+03,-1.604344023534990129e+03
-1.328343470248154517e+03,-1.435987211073374056e+03,-1.296669374043634889e+03
-1.056100659044996519e+03,-2.133645243869339403e+00,-5.112043009890093082e+00
-1.200726253691650300e+03,-1.259534682319426565e+03,-1.639949992474108740e+03
-1.434145951382611202e+03,-1.232687324296705356e+03,-1.263328478037970548e+00
-4.999593923567068146e+02,-1.323270871886051964e+03,-1.306847877059355596e+03
-9.265674055353822496e+02,-1.295713028228533631e+03,-1.212490593457545629e+03
-9.030402693816021156e+02,-1.331059239306092877e+03,-1.341906793800488003e+03
-1.095366932305051478e+03,-1.272291868923972743e+03,-1.337351181894652427e+03
-1.065754009809757008e+03,-1.259672809643356004e+03,-1.372738180415695297e+03
-1.084102433586611824e+03,-1.518258280949536584e+03,-1.638043091697151567e+03
-1.227765141057445817e+03,-1.322957943352299935e+03,-1.304205248921991370e+03
-1.490316519958761774e+03,-1.328376330353494723e+03,-1.077838591404097102e+00
-8.981966724097034103e+02,-1.108783680381314525e+03,-1.300237311668648772e+03
-1.239779139576045509e+03,-1.515234646663957164e+03,-1.211201374886988560e+03
-1.559617466889635352e+03,-1.342948121962228015e+03,-1.315934179693666010e+03
