-9.663112637758958954e+02,-1.309791351535214972e+03,-1.329822550631935655e+03
-1.159707121015632765e+03,-1.342708139412329274e+03,-1.362824461467083211e+03
-1.065600161430321350e+03,-1.169902381710252030e+03,-1.705957601879163576e+03
-1.684315052162022994e+03,-1.516957785544732587e+03,-1.577657091862456809e+03
-1.703123742717175674e+03,-1.606693965134451219e+03,-1.498410780839842573e+03
-1.234576121802022726e+03,-1.274812921004398959e+03,-1.387761561144378220e+03
-1.763295263827003510e+03,-1.236049353801378174e+03,-1.211788909793458515e+03
-1.390000604950093930e+03,-1.612837387007736197e+03,-1.752264496054094707e+03
-1.640413354472038463e+03,-1.055535302836263099e+03,-1.583935358569676737e+03
-1.739692133117435560e+03,-1.248719247904259873e+03,-1.520721413754899913e+03
-1.748540009061743149e+03,-1.490568357655298769e+03,-1.352416003227073361e+03
-1.871915966321270616e+03,-1.237767355357975021e+03,-1.295460328220264955e+03
-1.634025284410424092e+03,-1.405519189596129081e+03,-1.246417459666406558e+03
-1.186659129136872252e+03,-1.460751038784423827e+03,-1.338843710830115015e+03
-1.511397914657322417e+03,-1.571084800858822291e+03,-1.282136501772929705e+03
-1.085799208021468075e+03,-1.580582553638924537e+03,-1.662019054441688695e+03
-1.238485148773609126e+03,-1.572174283574288665e+03,-1.614749996582654148e+03
-1.366949198530596277e+03,-1.298213363179601174e+03,-1.075705098371941858e+03
-1.104704902730662297e+03,-1.386081293313704919e+03,-1.466828061065652946e+03
-1.226850231363780495e+03,-1.282768767357518300e+03,-1.318272969541758130e+03
-1.191520890098425525e+03,-1.103782557596263814e+03,-1.166369621032311215e+03
-9.920891877026423344e+02,-1.225495498972850328e+03,-1.280837073028084433e+03
-1.242322563462578955e+03,-1.497101131219382296e+03,-9.385677814215531498e+02
-1.024102012938448297e+03,-1.569715456565348404e+03,-1.383607469523838290e+03
-1.244980500216199971e+03,-1.415648411439555048e+03,-4.420584335001165073e+02
-1.233156227486760827e+03,-1.590652019846525036e+03,-1.543692693654072400e+03
-9.147296329794411349e+02,-1.380764715705218805e+03,-1.244122613591125855e+03
-1.111021494820360886e+03,-1.319288954746290983e+03,-5.785900222067700938e+00
-1.051921061161477382e+03,-1.668528912283757336e+03,-1.281675057646738424e+03
-1.046871892658057050e+03,-1.575436811110966346e+03,-1.068077950726953304e+03
-1.107745677946418937e+03,-1.377411523823007656e+03,-1.204925407783118317e+03
-1.042938246937606209e+03,-1.306185688185252957e+03,-1.195706152551320656e+03
-1.135656076537426316e+03,-1.182290306799157179e+03,-1.147714861659117332e+03
-1.033726524456775905e+03,-1.341351539790647166e+03,-5.128384394265277706e+02
-1.237384289307819927e+03,-1.635832180069211972e+03,-1.265132994899825690e+03
-1.204872292791176960e+03,-1.454771750150402340e+03,-1.087996751470742765e+03
-1.239810156293764976e+03,-1.526478119056384685e+03,-1.280448709302140969e+03
-1.238294059881926842e+03,-1.467988582066310983e+03,-1.211820333200020059e+03
-1.193363659996959314e+03,-1.412580192959493615e+03,-1.035434001936365803e+03
-9.781633945563572752e+02,-1.476682486074674443e+03,-8.957589688197733722e+02
-1.023463744546787666e+03,-1.358435974197893074e+03,-1.170859941791282836e+03
-1.099719823701372434e+03,-1.344169039411973245e+03,-1.019354666740709945e+03
-1.138874714792548502e+03,-1.465185921407647129e+03,-9.096605352700513549e+02
-1.515827281282992544e+03,-1.405552480402778656e+03,-1.323966697484493352e+03
-1.117199969338271558e+03,-1.403581816929895012e+03,-1.047024638467279146e+03
-9.788094984435757624e+02,-1.339475329684098597e+03,-1.023502965176498606e+03
-1.019155302040877700e+03,-1.276494434588508284e+03,-8.008924397601371084e+02
-1.370149529751363389e+03,-1.597225689984104065e+03,-1.003424755061171254e+03
-1.024488771016807505e+03,-1.156821208319506923e+03,-1.035347423933730170e+03
-1.297535778613856564e+03,-1.444437588726396598e+03,-9.727047656851501642e+02
-1.142548388679926802e+03,-1.428912064232329385e+03,-1.041833704202240369e+03
-1.237716592417733182e+03,-1.192868618427897900e+03,-1.034398128008234835e+03
-1.053749649035833954e+03,-1.526238143508609710e+03,-8.987630498627356701e+02
-9.043654947619334052e+02,-1.286476767803643497e+03,-1.316164645019661293e+03
-1.011910507713307993e+03,-1.395601045660626369e+03,-9.723623212718257491e+02
-1.114211222624552420e+03,-1.417582302895957582e+03,-8.965261598777450445e+02
-9.340039189734529828e+02,-1.380478436164355116e+03,-7.688231415482421198e+02
-1.287727427019643528e+03,-1.416672993456245649e+03,-8.136148880847986220e+02
-1.174460119068086215e+03,-1.426881277495179802e+03,-9.440728142336090514e+02
-1.171208245640940277e+03,-1.500952168526462174e+03,-7.783197061848486555e+02
-1.103041995051446747e+03,-1.519001349017542680e+03,-7.701707755571605958e+02
-1.106912153903310809e+03,-1.418878564446444443e+03,-6.108022183173104622e+02
-9.735663377597978752e+02,-1.385669158630848642e+03,-7.604528864871754195e+02
-1.218093899914262920e+03,-1.558701102455501541e+03,-9.338223951021013818e+02
-1.420701588120080487e+03,-1.353930311423676130e+03,-8.693021524493244669e+02
-1.013770205166619121e+03,-1.434291160425564158e+03,-6.903216347962143118e+02
-9.672056332982596132e+02,-1.340496684065729141e+03,-6.489683410523532530e+02
-9.900209255419221108e+02,-1.403822250951575597e+03,-1.107542473262472868e+03
-1.244095104106115969e+03,-1.332044924589425591e+03,-8.600403780243170786e+02
-1.110853857240589605e+03,-1.348955844339590840e+03,-5.917995348572366083e+02
-1.236618800762712226e+03,-1.381946157454817012e+03,-9.617271086312856596e+02
-9.631561031967169129e+02,-1.291377551625953174e+03,-6.589527123370374966e+02
-1.496189701114015179e+03,-1.268058189295855300e+03,-9.375332358167225948e+02
-8.810056836824271613e+02,-1.441249774824763108e+03,-6.850151486098038731e+02
-1.073033838935823724e+03,-1.453852339680171099e+03,-1.009002239722134959e+03
-1.324461895495291856e+03,-1.474338837768671510e+03,-7.990980379258191988e+02
-1.207197702636716940e+03,-1.387938889668357660e+03,-9.536670433233580297e+02
-9.855921578529067801e+02,-1.428552159555632443e+03,-6.476513142760410346e+02
-9.056257896348932945e+02,-1.340319080847047189e+03,-8.552373202621025712e+02
-1.382375416284824723e+03,-1.379532175194305864e+03,-9.607322308321396349e+02
-8.981042795100509011e+02,-1.442565067382087591e+03,-7.889525161809579004e+02
-1.504521695752667029e+03,-1.516122999907596750e+03,-5.793803120064983325e+00
-1.187641472639192898e+03,-1.411486022277022812e+03,-1.650363090303357261e+00
-1.196511203757004068e+03,-1.238899915741835912e+03,-1.326687963498810348e+02
-1.119894519526917747e+03,-1.339317241952642917e+03,-1.369717855525902905e+02
-9.808387060186655617e+02,-1.371939555285804772e+03,-1.059520145781152678e+03
-9.969412930071679284e+02,-1.464905106782808389e+03,-7.639948319880749068e+02
-1.276969060912707391e+03,-1.646155993370782653e+03,-9.191849537346818124e+02
-9.735941951764157238e+02,-1.496645368715077666e+03,-8.216036908327180299e+02
-9.877974777534484474e+02,-1.362615394906689289e+03,-1.647384347850518452e+03
-9.888740123338911872e+02,-1.411217039821964136e+03,-1.054243214678989489e+03
-9.724648466666659488e+02,-1.551001174979656753e+03,-6.557333638389077350e+02
-1.691413617811434506e+03,-1.555505812259915956e+03,-7.812869794930194303e+02
-9.823897336095027413e+02,-1.324994056821409458e+03,-1.360493108475729116e+02
-1.079727648097114752e+03,-1.418810118022409597e+03,-1.039985230745381386e+03
-8.742284338606172014e+02,-1.462354991828343145e+03,-9.772979415575990743e+02
-9.673468978342119726e+02,-1.458023784143738112e+03,-5.277773770361675361e+02
-1.340784798547544597e+03,-1.442801717172676035e+03,-9.351980187967834581e+02
-9.680179274146377111e+02,-1.418594678372176986e+03,-1.339124333767834969e+02
-9.297114514398343772e+02,-1.433658219000752979e+03,-1.217773107139105832e+03
-9.705737372017422331e+02,-1.454089709346512109e+03,-8.220801896569671499e+02
-8.748568377111407699e+02,-1.512304540490663157e+03,-7.946370814693443663e+02
-9.909067563233346618e+02,-1.460716489843960971e+03,-1.349338079943329376e+02
-1.160017772962718482e+03,-1.332034499158711697e+03,-6.639677405699658266e+02
-1.333976142836487497e+03,-1.596257460446631967e+03,-3.027854236790449072e+00
-1.085575122897743313e+03,-1.343545961835927528e+03,-1.025744122901789297e+03
-1.186768722202107483e+03,-1.385634558565717043e+03,-9.751958833011919978e+02
-8.588759474495398081e+02,-1.508706718458728801e+03,-1.540350909954245253e+03
-7.576131859985121082e+02,-1.417746587715496162e+03,-9.643987170608861561e+02
-9.995244711692512283e+02,-1.433720991837223210e+03,-1.475870311879861674e+03
-8.663725671524206291e+02,-1.387845364725340687e+03,-2.608913254843336471e+00
-1.181718997714955776e+03,-1.403875546230357031e+03,-3.969780883349714031e+02
-1.176077993182195769e+03,-1.456313555236360344e+03,-1.321590165818148819e+02
-9.768615091813462641e+02,-1.449293969481834438e+03,-1.539633662926448324e+03
-1.320629680510321350e+03,-1.310291045382257153e+03,-1.299816522741940048e+02
-1.175655445823726495e+03,-1.469363596122550689e+03,-2.525067817577204554e+00
-9.243980135667832201e+02,-1.437738508450656354e+03,-1.043911042082041604e+03
-8.614474472842590558e+02,-1.440698277448754652e+03,-1.103162649095611641e+03
-1.180123610824964999e+03,-1.461856300446502928e+03,-9.528984216115450181e+02
-1.518615086863231909e+03,-1.415693839113994272e+03,-1.325529591466241470e+02
-8.666628030977866501e+02,-1.450047395821463624e+03,-2.556219440185886871e+00
-8.446416130299503493e+02,-1.467726086116828810e+03,-6.470010091300727026e+02
-1.199352583254896217e+03,-1.470683365192448036e+03,-1.248820748997143710e+03
-1.223256262986906904e+03,-1.447602460023295635e+03,-5.391024196382861646e+02
-1.073019341691352565e+03,-1.454726703720417390e+03,-2.620784651280065418e+02
-1.229789458925304643e+03,-1.371544456897581540e+03,-8.371795392876729238e+02
-9.719566665280251527e+02,-1.638727489294588850e+03,-8.671382501216241963e+02
-8.063162499436695043e+02,-1.456461767665397247e+03,-1.294901209635346504e+02
-1.758772226398140901e+03,-1.444705768114086823e+03,-1.299030678586491376e+02
-7.513331771558034688e+02,-1.400346123345897013e+03,-8.265091631660319536e+02
-8.653733927737354179e+02,-1.459870616761798146e+03,-1.261232335200512864e+02
-1.221909492295005521e+03,-1.505412833124693179e+03,-2.673657417911193193e+02
-8.442170642733902923e+02,-1.390979122295236948e+03,-1.309130761086994141e+02
-7.594594302480315946e+02,-1.503944662442040453e+03,-8.107987276255535107e+02
-1.480369180448808038e+03,-1.414321229215223866e+03,-1.376108361858381812e+00
-1.195382445050548768e+03,-1.422836796399523564e+03,-2.541862398296621279e+02
-1.185975488306249872e+03,-1.383153839959933066e+03,-6.806567542993725510e+02
-9.017646604654926250e+02,-1.445221198853085298e+03,-1.315375674069341585e+02
-1.184695082001393075e+03,-1.413522144033547875e+03,-1.324459915562492540e+02
-1.370112397744192322e+03,-1.415281754378815322e+03,-2.593571877756819504e+02
-8.848089472426509019e+02,-1.456817773179639744e+03,-2.599647557498803394e+02
-8.905031128802589819e+02,-1.474294126912784122e+03,-1.271099305811202669e+02
-8.531301478050758078e+02,-1.515826397128442295e+03,-1.144103173738076748e+03
-8.554301863625423721e+02,-1.517112417746928713e+03,-5.429113522625335690e+02
-9.937305198009657943e+02,-1.361313802651323158e+03,-2.648446457991337297e+02
-1.343818579692828052e+03,-1.377273005854245184e+03,-1.373675411734385010e+00
-8.677812060923947683e+02,-1.265537186626653920e+03,-1.295178090917486884e+02
-8.795651277119882252e+02,-1.346770280466930444e+03,-1.304287247864726282e+02
-1.349291743306976741e+03,-1.644431596518585820e+03,-1.283985308521512536e+02
-1.437469997661433126e+03,-1.336270749167905706e+03,-2.552787311776919523e+02
-9.519309289806298011e+02,-1.369202820824164064e+03,-1.295983525147991031e+02
-1.084287022924883331e+03,-1.474887015089596844e+03,-1.268790953980628302e+02
-8.977142583283673503e+02,-1.550631738716474274e+03,-6.472063564371214852e+02
-1.023872159826761731e+03,-1.444098710016291534e+03,-3.930371020189471096e+02
-8.011236023699918860e+02,-1.527977915165700779e+03,-3.776434237172350663e+02
-1.242564597586676655e+03,-1.426561271757828081e+03,-3.829103080920709203e+02
-9.602314806734473223e+02,-1.597619752007337866e+03,-3.897107164444381056e+02
-1.137869261410395211e+03,-1.453030159138234922e+03,-2.575274356889246405e+02
-7.805903934577222572e+02,-1.465773691949324984e+03,-5.285517961821936979e+02
-1.585748150480885897e+03,-1.563501753967856075e+03,-2.135551339169119434e+00
-8.908561811393911967e+02,-1.646895817098702082e+03,-4.283355479463705819e+02
-8.958581370414901812e+02,-1.568655512267762560e+03,-2.590619997248780351e+02
-9.079641725475739804e+02,-1.514591831537903317e+03,-1.623053662314874579e+00
-1.240960132428771885e+03,-1.620059715400833738e+03,-1.301598992060979754e+02
-1.265991362123345880e+03,-1.409153451481940920e+03,-5.749495142402944339e+02
-1.303512127882592267e+03,-1.472704498409956159e+03,-3.873897330356757038e+02
-1.192497637268294056e+03,-1.369053489368667215e+03,-3.878615237769791975e+02
-1.148246597228560859e+03,-1.584860869802364732e+03,-1.320795309705716534e+02
-9.971592947536649945e+02,-1.376316426268981331e+03,-1.313846924661293940e+02
-1.184636338618084437e+03,-1.458801850216676485e+03,-7.100475994215317996e+02
-9.153117554439058949e+02,-1.567574131580589892e+03,-1.328802618435419163e+02
-9.733845868150232263e+02,-1.415890404114571311e+03,-1.807226171020534178e+00
-1.148314266748843693e+03,-1.451909027902578373e+03,-3.859752547903925119e+02
-8.811736728775630354e+02,-1.570741694456082996e+03,-1.134075976994085067e+03
-7.785879462743301929e+02,-1.432274172325458039e+03,-6.216598769651885732e+02
-9.874346111415422911e+02,-1.462602587895431043e+03,-3.911504810323675088e+02
-1.150428719913310715e+03,-1.511063493989868903e+03,-3.841489110381627370e+02
-1.196599846941121996e+03,-1.518933332084711083e+03,-3.890355358614873467e+02
-8.742160672332521472e+02,-1.519537699449282400e+03,-3.965078262205926762e+02
-1.055600413465333077e+03,-1.470972518350608425e+03,-1.320822211283351351e+02
-1.079192776474841367e+03,-1.537475103259419257e+03,-1.577654235581557929e+00
-1.244611216996840085e+03,-1.549886225857226009e+03,-1.278098129259614950e+02
-1.105820154577537096e+03,-1.560245230012972343e+03,-3.902155161293002266e+02
-8.552503565542275510e+02,-1.346636394267603691e+03,-9.100899594991445838e+02
-9.535718764613845906e+02,-1.356248040268852264e+03,-5.288146983539714938e+02
-1.222274287920430879e+03,-1.567845902852122435e+03,-2.620660749305382069e+02
-8.748963648400908824e+02,-1.575832206144515794e+03,-2.549416875129675759e+02
-9.032781892792469307e+02,-1.280327065863758207e+03,-1.559185019310678399e+03
-1.059543547004475386e+03,-1.565655071466277377e+03,-4.556909785974473834e+02
-8.881138821788207451e+02,-1.461852368097687076e+03,-1.260688217739409964e+02
-8.935924938980786010e+02,-1.468730077528501852e+03,-1.222595044246147609e+03
-1.235267085124043660e+03,-1.503184690021296319e+03,-1.159880086349281100e+03
-6.336787608691735159e+02,-1.551341468589812621e+03,-2.572014546308582226e+02
-1.192285359469379046e+03,-1.454196312161344622e+03,-1.295616691817708670e+02
-1.204867568557375762e+03,-1.423489523262652710e+03,-5.202661371604788201e+02
-1.444173986253227213e+03,-1.602926003322535280e+03,-1.340160936446480378e+00
-9.658197496391023833e+02,-1.416608474069934346e+03,-5.659373286451645981e+02
-6.266585043622513922e+02,-1.637781982912239073e+03,-2.588676962277262419e+02
-7.563060369094539510e+02,-1.389297448007130470e+03,-1.893940959755451736e+00
-9.769988856267906385e+02,-1.397206404991591626e+03,-4.092664058752374103e+02
-1.441240860631792430e+03,-1.428980478178145177e+03,-1.258308530397734586e+02
-6.287964061627520778e+02,-1.388313455632700652e+03,-1.298930685014873063e+02
-8.634087394998248328e+02,-1.416378284276546765e+03,-1.301864198469785947e+02
-1.386400243045566867e+03,-1.566582158115361608e+03,-1.311924286226799836e+02
-8.727446491677701488e+02,-1.462099094907301151e+03,-1.287293692531017655e+02
-7.495937482356355304e+02,-1.524956824988521021e+03,-2.575668654574324137e+02
-1.551740018777901469e+03,-1.519213667691410819e+03,-3.925962642557856839e+02
-8.551264667341557697e+02,-1.516650348842980748e+03,-1.259743506183433368e+02
-1.011372342037706630e+03,-1.641302393368207049e+03,-6.038746748099342767e+02
-1.014785301501966728e+03,-1.639704240533672191e+03,-1.300119592674753619e+02
-7.660450903279241857e+02,-1.422048463517041228e+03,-1.254113272833063633e+02
-7.646482561676778005e+02,-1.400676211286312991e+03,-3.822801275150439437e+02
-1.081659059088469803e+03,-1.563961719117846542e+03,-1.265674779019365133e+02
-1.319487125131454604e+03,-1.403485960820439459e+03,-1.264045290464356555e+02
-8.573614360924958646e+02,-1.342045387164476097e+03,-6.725671897394221332e+02
-1.196403281396646889e+03,-1.442158429816364105e+03,-8.446500131826694124e-01
-7.968054899857582996e+02,-1.571690724024981591e+03,-8.744887164799677066e+02
-9.934659036817228071e+02,-1.540269675952682519e+03,-1.306062238251353449e+02
-1.415745222101904119e+03,-1.375816759297195176e+03,-1.257049862434011800e+02
-9.666762334562299657e+02,-1.471121608304933034e+03,-1.150051927414300053e+03
-8.136306224347820262e+02,-1.452712077018488344e+03,-2.577113389708015916e+02
-1.128499737049882469e+03,-1.372791702374403258e+03,-1.263401759432187106e+02
-1.089965402117531312e+03,-1.659723375241925169e+03,-3.834191650225984631e+02
-9.820439215945469869e+02,-1.646930866775504455e+03,-1.269231675915707314e+02
-1.099679011356874071e+03,-1.512880193602200961e+03,-5.187324223319762950e+02
-9.043343050808558701e+02,-1.403096006731802845e+03,-6.746208218933116996e+02
-1.090519587696107010e+03,-1.437591416363167582e+03,-6.440488945785001533e+02
-9.688777969637707201e+02,-1.564714346239332372e+03,-2.566068129654502172e+02
-1.473827601399919331e+03,-1.342650977307866924e+03,-6.275361405239654005e+02
-9.840882984098417410e+02,-1.409796033169292514e+03,-1.324279281709183920e+02
-8.772283771300878925e+02,-1.417195327887914800e+03,-3.909444107761652845e+02
-1.150623989862807321e+03,-1.460585343995474204e+03,-3.954551484018930978e+02
-7.648243452290938649e+02,-1.460671371853616620e+03,-2.579594610927015879e+02
-1.312153598667310462e+03,-1.429258642031415775e+03,-2.588290596840054718e+02
-1.015602894975106892e+03,-1.449359684818965889e+03,-5.201780460885103139e+02
-1.211868405347888029e+03,-1.421235433758237605e+03,-6.068538135800620239e+02
-1.104871231545070486e+03,-1.523689284511101050e+03,-2.626221721553428097e+02
-1.072789641798031653e+03,-1.361760726334765423e+03,-2.590282074442629323e+02
-1.127001140830485610e+03,-1.640577518758906081e+03,-3.843115227274919903e+02
-1.270437475516305994e+03,-1.385684126010751470e+03,-7.860434414897938815e-01
-8.696650069102054204e+02,-1.464962216071216289e+03,-1.293006447794058431e+02
-1.178855512708612650e+03,-1.635276578774877407e+03,-1.272714733424146232e+02
-7.764825703591013735e+02,-1.565516698094546427e+03,-1.334069197882437265e+02
-8.940190956809112777e+02,-1.425312014417360160e+03,-6.726104010504839152e+02
-8.960027544719513344e+02,-1.401332819066624097e+03,-7.815449617669175950e+02
-9.045119518964546614e+02,-1.641035259825843696e+03,-1.309397715887982372e+02
-7.780585467120585008e+02,-1.438171069093161350e+03,-5.171315506243126947e+02
-1.142385698750488473e+03,-1.566217549657288146e+03,-1.222787620543607456e+00
-7.532216777641925773e+02,-1.426118640817944197e+03,-8.295979913632561420e+02
-7.555902979601600009e+02,-1.477050767601853067e+03,-7.757079803033342102e-01
-9.040279680014864425e+02,-1.641228924346593431e+03,-1.290283431764399893e+02
-1.196310036031493382e+03,-1.386588969069688574e+03,-1.629314365202683121e+03
-9.383897989632141616e+02,-1.445908327991960959e+03,-9.977776681460388541e-01
-1.112292604663791508e+03,-1.508442522626419532e+03,-2.569508248999821944e+02
-9.142676205804407346e+02,-1.636551890129253252e+03,-5.185487563792596575e+02
-1.202096266540550459e+03,-1.465336023703029468e+03,-5.855858152682278615e+02
-8.811797604277218170e+02,-1.376073079529874803e+03,-8.843549208345223178e+02
-1.233512335326333869e+03,-1.438737633795773490e+03,-1.279845902121301293e+02
-7.670719368643295866e+02,-1.477352584169326974e+03,-4.204294373103514317e+02
-9.666561557335535326e+02,-1.506418561058916112e+03,-1.292516159983718467e+02
-1.071977324405020454e+03,-1.401605208499966011e+03,-7.439646709951780394e+02
-1.120689768289757922e+03,-1.431202578142275570e+03,-1.285651906872207633e+02
-1.406196434185879752e+03,-1.465344117149532849e+03,-2.581071103409378225e+02
-8.712673705292364730e+02,-1.470195160697148140e+03,-6.157873725075123730e+02
-1.083421115704761178e+03,-1.449090664975003392e+03,-2.617076805441637930e+02
-1.282019302795550402e+03,-1.563318732905099068e+03,-1.647573066175262335e+00
-7.670033450916049560e+02,-1.515961782357102038e+03,-2.582801289794119839e+02
-8.392407564134621225e+02,-1.477418060766222425e+03,-4.044361020026195206e+02
-1.324083542134605523e+03,-1.636617334331376242e+03,-2.586769178238311540e+00
-6.983794331453883615e+02,-1.568573491418442927e+03,-4.226673687536874127e+02
-1.389200941730145587e+03,-1.385297889188221006e+03,-7.514372911622053834e+02
-1.102894564345861681e+03,-1.496986141263390891e+03,-4.482491377423193057e+02
-8.438043657961878807e+02,-1.471465553024829660e+03,-4.288918131518916539e+02
-7.524117455899598781e+02,-1.523382273924188894e+03,-1.749771574137148455e+00
-1.003058938978504671e+03,-1.523377544646523575e+03,-2.550204359333596926e+02
-1.251480097520612617e+03,-1.492137737877405016e+03,-1.255651021476116256e+02
-1.031970659234846380e+03,-1.512799059471549299e+03,-4.011159281526454947e+02
-1.301843472391773048e+03,-1.444740642326656143e+03,-1.300141852745742597e+02
-1.435454219739446216e+03,-1.390355533806300400e+03,-1.569449078946330701e+03
-8.010167975930487501e+02,-1.456581659533475658e+03,-1.630442494307335455e+00
-8.193647420731831517e+02,-1.493127307404249223e+03,-2.712979230285450285e+02
-8.700076797248381126e+02,-1.477514489506367454e+03,-1.064908956305645233e+03
-8.508693971281819586e+02,-1.409716876427962461e+03,-1.286569498683104200e+02
-8.442105844655118290e+02,-1.456070995546888298e+03,-2.539459132770676035e+02
-7.543330458380017944e+02,-1.563549818079638726e+03,-1.296696369269775744e+02
-8.803739754658101901e+02,-1.504794007162813386e+03,-2.697776630789558681e+02
-1.458511395829974845e+03,-1.458876613507615275e+03,-4.094124476942440083e+02
-9.787214723443065623e+02,-1.519198769541812680e+03,-2.603274813678401642e+02
-8.443425095563761715e+02,-1.452059478637429038e+03,-1.731700195299121114e+00
-1.190824971519938572e+03,-1.577570216843007074e+03,-1.282050755250414227e+02
-1.190278951419313216e+03,-1.637161410704070931e+03,-2.572705554735037481e+02
-1.292147269129598044e+03,-1.565785516058352869e+03,-1.316455371334163544e+02
-7.879659332004963517e+02,-1.537581913874033035e+03,-2.639061424735768924e+02
-9.566202099025988446e+02,-1.470324627119211755e+03,-4.049466855970360939e+02
-1.352344947771882971e+03,-1.533865132793564271e+03,-4.015065816482816103e+02
-8.830832332850350213e+02,-1.459227682164441831e+03,-2.508265822242690888e+02
-8.636084844099403881e+02,-1.382071445866699605e+03,-1.279401101131915510e+02
-1.032460940106603630e+03,-1.503783838163411019e+03,-1.295806789230153697e+02
-7.693561646611769902e+02,-1.457522159148350511e+03,-3.819155909281672621e+02
-9.752759836972801395e+02,-1.455265961995090265e+03,-5.425691358313825958e+02
-7.330426484626142383e+02,-1.376668317546838352e+03,-5.038133139636440774e+02
-1.174310116110779290e+03,-1.534762060016765872e+03,-5.595815849885643729e+02
-1.098049002890025577e+03,-1.565753260434909635e+03,-1.400533058660265118e+00
-9.837791130112705105e+02,-1.635248842538630925e+03,-2.605960684746841025e+02
-8.945612949175314270e+02,-1.490030620334433934e+03,-1.257695899398359387e+02
-7.345255116110020026e+02,-1.005418352314642448e+03,-6.734646164592830928e+02
-1.068586995261300672e+03,-1.520193488940726866e+03,-2.628305269111461371e+02
-1.240889285590011241e+03,-1.397300462791945392e+03,-7.824010269620679310e+02
-1.203542589322204094e+03,-1.502155782897602876e+03,-3.940360354068765787e+02
-1.180552750419134327e+03,-1.479840220445778414e+03,-6.749059104538913516e+02
-5.065722222711967788e+02,-1.526534658478201891e+03,-5.378173873982550504e+02
-9.664403891601394889e+02,-1.393362819796340091e+03,-1.148789437160767193e+03
-1.297915425695576914e+03,-1.448649618822004413e+03,-2.560800938846112444e+02
-9.041027000490022374e+02,-1.445507287491492889e+03,-4.132011001912154029e+02
-1.537702574110397791e+03,-1.553926298370247650e+03,-3.889230961950729579e+02
-1.361297200679671505e+03,-1.643311405767512269e+03,-2.561246252845332947e+02
-1.078547789494150265e+03,-1.399882974289935191e+03,-1.043556329786197921e+03
-1.046320865052025283e+03,-1.569138176194974903e+03,-8.672650605904223085e+02
-8.866128413485781721e+02,-1.502633491077502867e+03,-3.086452544937573634e+02
-1.410655685021924683e+03,-1.566767709067941041e+03,-6.144726583537766373e+02
-1.301433010170859461e+03,-1.637591619556647856e+03,-2.306720686880782978e+01
-7.837771972836276291e+02,-1.431512958158684796e+03,-1.389410475448957641e+03
-8.515036540921012147e+02,-1.301564098763988795e+03,-2.561302218128658410e+02
-1.023889783872562703e+03,-1.449337811050619621e+03,-1.849508085317387973e+00
-9.796080127072059440e+02,-1.527628351065978677e+03,-2.611126948078177179e+02
-1.208567847176984287e+03,-1.644228608821519629e+03,-1.247291819614672761e+02
-7.926003302825209857e+02,-1.441663537680890386e+03,-5.433290489889515129e+02
-1.243516975893875951e+03,-1.472616485005529285e+03,-2.416326601665060423e+02
-1.157158876833020713e+03,-1.380548137123794049e+03,-5.098854486842782308e+02
-9.715114867377933479e+02,-1.430254649745022562e+03,-5.411701062279995540e+02
-8.824506519715043851e+02,-1.455235103153385808e+03,-1.300599509296068561e+02
-9.553540626358401369e+02,-1.449589611060291190e+03,-5.715865958244177136e+02
-9.135894876013785506e+02,-1.635394765247599707e+03,-3.896197167031521076e+02
-9.559094309277329558e+02,-1.551052641593468252e+03,-8.147436919090238234e+02
-1.364871273015607585e+03,-1.380443249974485298e+03,-1.283209269371908476e+02
-1.110474626294728068e+03,-1.433036819289113282e+03,-1.540625961191397892e+03
-9.805137868127509364e+02,-1.494964891365832955e+03,-1.539897194733685026e+00
-8.786997512525936145e+02,-1.546804492443277468e+03,-4.166939009868885364e+02
-1.148447591977226466e+03,-1.381619820334696897e+03,-1.313964171871309317e+00
-1.234730034326200666e+03,-1.535747323168247931e+03,-1.754839204345800097e+00
-8.547639260544202671e+02,-1.408445391168747165e+03,-1.267350234625511973e+02
-9.087353377761520505e+02,-1.496480905998909293e+03,-2.510854466673095828e+02
-1.093224019797276696e+03,-1.331537381908794259e+03,-3.879496646819482635e+02
-1.642261946267309440e+03,-1.637301310918946228e+03,-2.595425139054748342e+02
-8.439279431444390411e+02,-1.545397376419313105e+03,-1.309137188783905401e+02
-9.650356728106403352e+02,-1.539352223523019575e+03,-5.775218262723171847e+02
-1.361071081971748981e+03,-1.447033130494751504e+03,-1.889538454400296219e+00
-7.645933835931149360e+02,-1.472971555591431752e+03,-6.130684723904333850e+02
-1.398607421071586032e+03,-1.598476430487235575e+03,-2.610163442342827693e+02
-1.109988322106686383e+03,-1.564621876335889056e+03,-2.528820743016451900e+02
-1.428292383822114516e+03,-1.526464444662829237e+03,-1.261942792286843513e+02
-9.602506443277654853e+02,-1.441026533907373050e+03,-4.255957470152884525e+02
-8.639077681557176902e+02,-1.501643678411839119e+03,-3.860160825975268608e+02
-8.106640027139222866e+02,-1.423115001316239386e+03,-1.303275379244668102e+02
-9.660937503497606258e+02,-1.448700382100504157e+03,-2.576936080469963031e+02
-1.427929883121303192e+03,-1.452623315796244015e+03,-5.543085366084434327e+02
-9.736084385959286465e+02,-1.538444522814930224e+03,-3.960057267014399258e+02
-1.118353577021695855e+03,-1.549118904853617778e+03,-2.593689398149736576e+02
-8.456767777116929210e+02,-1.341751443552312594e+03,-2.594128198139260917e+02
-8.052131581515383232e+02,-1.537069649495537533e+03,-2.555488900497130658e+02
-1.008784088951977083e+03,-1.428557106131439923e+03,-1.224669306483714166e+02
-1.024456226390919710e+03,-1.490618735311977389e+03,-2.574927938165728278e+02
-1.401230952087683818e+03,-1.485692849849367576e+03,-1.325249357937663319e+02
-1.366738669832318237e+03,-1.426350808344323013e+03,-1.360874368465617490e+00
-7.763694133989862394e+02,-1.443223775460217439e+03,-2.580791609576879182e+02
-7.663229706101959664e+02,-1.624660835124843516e+03,-1.290801507013765672e+02
-8.938588422584891759e+02,-1.522670150748971309e+03,-2.502396968809982241e+02
-1.203631460021058274e+03,-1.498376717433141494e+03,-1.278611849110237557e+02
-1.001925872715047717e+03,-1.367859719876683357e+03,-3.914363985223458258e+02
-7.405900417260316999e+02,-1.536285918919925052e+03,-1.332685275942513385e+02
-1.169550575941407942e+03,-1.639211499650534051e+03,-1.285171135123602255e+02
-1.080922364112227569e+03,-1.639900470919020336e+03,-2.473356349146828563e+02
-1.228407845031685611e+03,-1.398941485234355241e+03,-1.295449853143292387e+02
-1.396141834255287904e+03,-1.442395355049198088e+03,-1.108415048208124531e+00
-9.743948100259198100e+02,-1.450930400083509312e+03,-1.255940947117301079e+02
-1.445998518110856367e+03,-1.551261070521511556e+03,-5.100454675827400024e+02
-1.090685100481381824e+03,-1.498530404353474296e+03,-1.279479052956406804e+02
-1.088072395929045342e+03,-1.440206492128308128e+03,-2.641453662621021863e+02
-8.858334254315427643e+02,-1.568666154213937034e+03,-1.277259440369734449e+02
-7.645293015434921244e+02,-1.364049404711850229e+03,-9.227565425107543433e+02
-8.977561205362598002e+02,-1.553016026825840527e+03,-1.299616249264531405e+02
-1.188158552799377730e+03,-1.499230922975768181e+03,-4.895927059752978607e+02
-9.981398800561810276e+02,-1.635518456731150309e+03,-1.288748039452489991e+02
-1.316638051945712732e+03,-1.400148845608420970e+03,-2.540594861262851225e+02
-8.844695858905457726e+02,-1.484319201916329803e+03,-5.233037875977474869e+02
-9.050032867197710402e+02,-1.568328866501686889e+03,-1.264269357243854728e+02
-1.139727023119741943e+03,-1.542448883913091095e+03,-1.312438617553041809e+02
-9.018203092316302900e+02,-1.550240827910673943e+03,-1.338409341784961271e+02
-1.229551307379537775e+03,-1.567210190410705309e+03,-1.264559537096203883e+02
-8.910138184519005335e+02,-1.425203820387543601e+03,-1.055506983158865930e+00
-1.283107738385605671e+03,-1.595097869832804463e+03,-5.344747393854628399e+02
-1.246645557715017958e+03,-1.568030168285545642e+03,-2.619106675903909149e+02
-1.325371613740419434e+03,-1.403564017123421991e+03,-7.746542494788110389e+02
-1.059899517818471395e+03,-1.541329470523894543e+03,-1.348408493304530964e+02
-9.031289802498880590e+02,-1.432963877185070942e+03,-9.564199066987819631e-01
-1.503394189561465282e+03,-1.520945169339508539e+03,-5.422246143593117722e+02
-1.083736264123179353e+03,-1.496346575415760299e+03,-1.615281374395477476e+00
-9.672824314378490271e+02,-1.480691253327512641e+03,-7.089981385767994198e+02
-8.986861018751967549e+02,-1.405349967770041076e+03,-4.279298091144058844e+02
-9.144604107033146647e+02,-1.422807748109305749e+03,-1.278419342895299025e+02
-1.113397802092317534e+03,-1.541669496201698394e+03,-1.315606213311647821e+02
-8.752004746226408542e+02,-1.569144239262925566e+03,-2.627854418603369027e+02
-8.781445600283423119e+02,-1.346488980115860613e+03,-1.268792186221644727e+02
-9.512386623207650018e+02,-1.558977531354996245e+03,-6.380868734637608668e+02
-9.580288666900677299e+02,-1.569258358973667328e+03,-2.711814148652016456e+02
-1.239191222835124336e+03,-1.559090741646566812e+03,-1.582102291791986470e+00
-6.210587564498716802e+02,-1.493551484369162836e+03,-1.278474310351991647e+02
-8.043191108489224916e+02,-1.412200080772276579e+03,-1.546596707480759614e+00
-1.194695474725588156e+03,-1.561971157716002153e+03,-1.289386705468312186e+02
-8.746257761981053136e+02,-1.472538954268308089e+03,-5.728905456449217581e+02
-7.354149504683232408e+02,-1.515928929935272663e+03,-6.211586734820305082e+02
-9.590934974975948535e+02,-1.534297954244166704e+03,-1.295905736745879153e+02
-1.190117973094666695e+03,-1.564914748805147610e+03,-2.557789266485409829e+00
-9.725184196365598837e+02,-1.335363625957962995e+03,-5.358518223045925879e+02
-8.941295320174326662e+02,-1.405480042685480385e+03,-5.311386869445007051e+02
-7.552612264535746363e+02,-1.493395661703865017e+03,-1.316487239185401563e+02
-8.731310027512653278e+02,-1.460731379541302204e+03,-1.390090965098787601e+00
-7.522348777223493244e+02,-1.541683381780111858e+03,-2.611280706426509823e+02
-8.877718475570047758e+02,-1.534014945030290846e+03,-2.499403127899148558e+02
-7.545537507671220965e+02,-1.510325001964745525e+03,-6.387063936069559986e+02
-8.969453654123656179e+02,-1.570560006258969906e+03,-1.285944202443467645e+02
-8.597512828648340246e+02,-1.568623338654049348e+03,-5.133281148906778526e+02
-8.722893963607021988e+02,-1.485030684480948366e+03,-1.322172945725485533e+02
-8.992749017551637962e+02,-1.401237817246271334e+03,-1.314951431685549039e+02
-1.237950197202659638e+03,-1.399107801693916826e+03,-2.770450609983325307e+02
-8.184489528977097734e+02,-1.421045325074806897e+03,-1.310574686259386965e+02
-8.971255656276427999e+02,-1.372979982965414592e+03,-4.025924675925481324e+02
-9.274314590506681952e+02,-1.474790574033854682e+03,-9.403644681533369631e-01
-1.354838986248036235e+03,-1.539958666123692183e+03,-1.290445415135499161e+02
-7.765935083113695327e+02,-1.574627619889958851e+03,-2.608309584490370980e+02
-7.709479206996747962e+02,-1.382092146165621898e+03,-5.323104750772660054e+02
-7.671886267551795981e+02,-1.529695704447387470e+03,-3.724034740386148883e+02
-8.002750699799262293e+02,-1.640649966531948621e+03,-1.486092850790661668e+00
-1.420298850403622282e+03,-1.642386067792131371e+03,-2.596642238336002606e+02
-6.588311449080773627e+02,-1.374201800237571661e+03,-1.179785371591648300e+03
-1.012482807626117051e+03,-1.517329196436385246e+03,-5.349369100882025805e+02
-1.101267330559709762e+03,-1.497291584637141341e+03,-8.002451854238205442e+02
-1.009437918777252435e+03,-1.391870773991388887e+03,-1.286366612510997527e+02
-1.073505499170077655e+03,-1.514944387807639032e+03,-1.251720367927302107e+02
-6.429353854187272646e+02,-1.403674144430764045e+03,-5.237418793968663522e+02
-1.283332825782604687e+03,-1.644297030422686930e+03,-1.294288027161197192e+02
-8.742965466064235898e+02,-1.531511201666233092e+03,-1.252330570424450968e+02
-1.500335388054688110e+03,-1.426761213110593644e+03,-1.290850160528508752e+02
-8.532412758758847531e+02,-1.476893692291597745e+03,-5.291652893527602828e+02
-7.495603761537338414e+02,-1.572190405033655452e+03,-3.966895946456279489e+02
-9.104603239305813531e+02,-1.384406597295979509e+03,-1.265837762920335337e+02
-1.249038202527585554e+03,-1.573891053689840192e+03,-1.325913875213382425e+03
-8.894071260173794826e+02,-1.534915492192861393e+03,-1.303876494582264911e+02
-8.941580600068261901e+02,-1.491904500397007041e+03,-4.335081559022373199e+02
-6.418672791958398420e+02,-1.539649558269194813e+03,-1.289041924749557211e+02
-1.235522628108216395e+03,-1.508147841353848207e+03,-2.650166496950519104e+02
-8.990090427108838185e+02,-1.332808427284332311e+03,-1.291815178126576313e+02
-8.502679072599203209e+02,-1.488931300237718006e+03,-1.041124535036287213e+00
-9.667391270257317046e+02,-1.635324530170630396e+03,-5.671116765524712946e+02
-1.387938275300207579e+03,-1.433504510675142910e+03,-1.266346400862731514e+02
-1.077319683298990867e+03,-1.458257703193548878e+03,-1.277079371422535701e+02
-9.930567344711763553e+02,-1.443222506280032803e+03,-2.660508527477918506e+02
-8.547111011713249127e+02,-1.513524491276694789e+03,-1.300744707796441446e+02
-7.817833369443542324e+02,-1.594522426629564734e+03,-2.606694680638198065e+02
-9.270940215399467661e+02,-1.366200341427672356e+03,-1.255973765333916248e+02
-1.075243060926210546e+03,-1.568936274432534219e+03,-2.631920637593007086e+02
-1.300177942095102253e+03,-1.514726599022161508e+03,-1.182020436266970620e+00
-1.378474510694066566e+03,-1.526171497522802838e+03,-5.517919601500154840e+02
-9.995636549567651628e+02,-1.565831938078658823e+03,-3.625060011527894517e+02
-9.459489649315714814e+02,-1.468216072547740623e+03,-2.668618755853607922e+02
-1.267105073467512739e+03,-1.499361031819859818e+03,-6.773067733035339870e+02
-6.318890084522037114e+02,-1.565922395095902857e+03,-1.298340214072080983e+02
-1.314091676810217450e+03,-1.577060372645994676e+03,-5.565717121966760033e+02
-1.080292542825039163e+03,-1.454950106988574589e+03,-4.782304628951786185e+02
-6.859401182012297795e+02,-1.539984074096768154e+03,-5.365223379700445321e+02
-7.585983077538794532e+02,-1.516984296222078001e+03,-2.656534562705997473e+02
-1.039393238426469679e+03,-1.596437816753633342e+03,-1.313657719752094692e+02
-7.744638517300032845e+02,-1.373409035652054172e+03,-2.651077526663318054e+02
-8.704763137537167950e+02,-1.571100394374986990e+03,-1.381272225874800696e+00
-1.401855852357270123e+03,-1.568575398716983727e+03,-3.718515071194390771e+02
-1.137737848358095334e+03,-1.533675816647260262e+03,-1.309113241640277749e+02
-1.082019770856584955e+03,-1.539837040766404925e+03,-3.952700205197539844e+02
-7.610327365865373395e+02,-1.477209172217755622e+03,-1.273076818064717770e+02
-1.521112171654164285e+03,-1.401024985324042291e+03,-2.149828711918196689e+00
-8.896407589171290056e+02,-1.560282048514608960e+03,-1.306178350430174078e+02
-9.065909328074022824e+02,-1.427821276636793073e+03,-5.451944147799950997e+02
-8.817749065256493850e+02,-1.518524729559603884e+03,-1.298939566513394084e+02
-1.100411144437935263e+03,-1.470700463105577455e+03,-5.592806833753768387e+02
-8.701373522148875281e+02,-1.456989014563054070e+03,-3.912923366485824204e+02
-9.953219092335713185e+02,-1.535731335905636570e+03,-1.711684537979017984e+00
-8.567097794626869245e+02,-1.510101150228829511e+03,-1.277785166630660854e+02
-7.586887297255649401e+02,-1.406557739714552326e+03,-1.566263084782000760e+03
-1.047420098758264203e+03,-1.506749930979283590e+03,-1.268553505513011004e+02
-1.301735060225618554e+03,-1.565047690427083126e+03,-1.220411546386352297e+00
-9.068601147337839166e+02,-1.395432554277284453e+03,-8.268359428729773981e+02
-1.205372559883537406e+03,-1.510096724760312327e+03,-1.305546076093875456e+02
-7.907216198553078357e+02,-1.353442299120263897e+03,-4.851644019051786927e+02
-7.651046969949007917e+02,-1.464608383543976970e+03,-1.294498044914822685e+02
-9.915175644136468236e+02,-1.429120852469893407e+03,-1.261323257440689503e+02
-1.125370740990459126e+03,-1.481200566181490103e+03,-1.252996763129355458e+02
-7.792412494005516237e+02,-1.518557094366329693e+03,-2.581733183271207395e+02
-7.653379317632404764e+02,-1.533106801039636366e+03,-1.505451419203172270e+00
-1.385095801981114619e+03,-1.521197444319349415e+03,-4.256481682205634911e+02
-9.827687908085899835e+02,-1.545170752545469441e+03,-9.603538305603941581e+02
-9.008232473517089147e+02,-1.529612278581670580e+03,-1.317915463058847365e+02
-8.701121015231728961e+02,-1.439505047913823773e+03,-4.252433538254358609e+02
-1.296764830988034191e+03,-1.525622567530538618e+03,-1.299204326925402313e+02
-8.594108173618491264e+02,-1.546558362315551904e+03,-8.961103468087141533e-01
-8.595015497579421435e+02,-1.424171434432950491e+03,-4.088731736970149768e+02
-9.154485508576933626e+02,-1.444935370074068487e+03,-1.235264094011875535e+00
-8.810431550462175210e+02,-1.361119111356498024e+03,-2.826071084026254425e+02
-1.186404909305224010e+03,-1.369327744626397589e+03,-3.924661546501624230e+02
-1.297889402743271603e+03,-1.563616136855675222e+03,-5.054411175975591846e+02
-9.814505834082641513e+02,-1.421296652547086069e+03,-2.609272599591469657e+02
-7.344646612875238816e+02,-1.500217797348620479e+03,-2.916618614038640089e+02
-6.458011325264311608e+02,-1.596033984509000447e+03,-1.291264414241955194e+02
-7.557879300265249185e+02,-1.360701991030183535e+03,-5.191325956955821539e+02
-1.242872885187626935e+03,-1.443911975178032890e+03,-2.459637702111048156e+02
-8.545129551987555487e+02,-1.643409778845919391e+03,-1.348855390906086882e+02
-1.138390596673714981e+03,-1.531268536241535458e+03,-6.729351869733579861e+02
-1.240392349231037997e+03,-1.397870399677748537e+03,-1.312329612608621119e+02
-7.059059513067497846e+02,-1.571803821594853616e+03,-1.528747794367045344e+03
-1.304316453591645768e+03,-1.530325447201936868e+03,-1.303684949292696160e+02
-7.146206000612165781e+02,-1.532477588367617500e+03,-9.413431402273808999e+02
-9.394812556374957921e+02,-1.354191502286624200e+03,-1.271118758634334256e+02
-7.731685419557012438e+02,-1.551410639301087031e+03,-3.845605317568235932e+02
-6.298434137098100791e+02,-1.432315114173624579e+03,-1.252780126556102829e+02
-9.817817872480637789e+02,-1.453925227703190103e+03,-1.285145154421421694e+02
-1.489999963639134194e+03,-1.546350185631260047e+03,-1.309273861415815645e+02
-7.470344510489851473e+02,-1.561997097511808306e+03,-1.268796515591505312e+02
-1.183246606284401651e+03,-1.553793956620348581e+03,-1.314080245269479121e+02
-1.238459900331599329e+03,-1.250510943297051881e+03,-1.123847201071940471e+00
-7.532404509644151176e+02,-1.481240567667108735e+03,-1.294981584911568291e+02
-1.067764370265944081e+03,-1.384665118953168303e+03,-5.736162051196296261e+02
-9.211415053654681060e+02,-1.532522900366408294e+03,-2.672825640826056883e+02
-9.572701929714111202e+02,-1.534498780414770408e+03,-1.304459931441227809e+02
-1.571078553154344036e+03,-1.526872231504414231e+03,-1.716796386545961006e+00
-1.368026106575195854e+03,-1.521337544275815617e+03,-2.638193407877425898e+02
-9.018026141104620592e+02,-1.508185078375886178e+03,-4.469659453469254800e+02
-1.199323586055920032e+03,-1.543870125797488981e+03,-4.573808234717071741e+02
-8.371341036170863390e+02,-1.401891342351435014e+03,-2.598440379707151919e+02
-9.404468385187135482e+02,-1.455384158113666217e+03,-1.291219747541578897e+02
-7.668030563408216267e+02,-1.564452947160532631e+03,-5.510757145646875870e+02
-1.010184203865877862e+03,-1.452150503055160698e+03,-3.837403411382740046e+02
-8.423994648463740305e+02,-1.561724461203549481e+03,-2.654973818642924925e+02
-7.530746409806898782e+02,-1.570920147656176596e+03,-2.582538932305308208e+02
-1.243754224810677442e+03,-1.642821107000214170e+03,-1.154769444181684257e+00
-1.044253904050811798e+03,-1.589640176676824922e+03,-2.578327518262071862e+02
-1.084393885604075194e+03,-1.635167994336457468e+03,-4.418975843286964356e+00
-1.053072581849711923e+03,-1.531238749476464136e+03,-1.241590051490177444e+02
-7.380760840810119134e+02,-1.415128197355599241e+03,-1.155977394554622151e+03
-1.038982840452024675e+03,-1.640151614626095125e+03,-2.586037941728563965e+02
-7.684134390003332555e+02,-1.428698341661075347e+03,-4.097742115178618860e+02
-8.820277918927872634e+02,-1.562618397775971289e+03,-1.339934126348559005e+02
-1.029748244350270397e+03,-1.518408057498365451e+03,-1.304221986759600105e+00
-8.838104740062678957e+02,-1.535176307719330907e+03,-1.199531060973589547e+03
-1.092304406198594961e+03,-1.540979725645125200e+03,-1.287046375392846755e+02
-7.508525380804319411e+02,-1.480380928764800274e+03,-1.273205933272366650e+02
-1.348820677075168533e+03,-1.440125405812365670e+03,-1.262322742124822526e+02
-8.883591332188871093e+02,-1.339383453454140408e+03,-4.110198925209901404e+02
-7.666984760056571986e+02,-1.409802117114912335e+03,-1.352340487453736557e+02
-7.745282035364388094e+02,-1.343351974828823131e+03,-3.333647856258592945e+00
-1.081610118090876085e+03,-1.511491631438285594e+03,-1.276180461555405259e+02
-7.365692394247435004e+02,-1.549545712250674342e+03,-3.758426720847758702e+02
-8.984685381367105492e+02,-1.573755142277950199e+03,-2.714879088720584832e+02
-9.017833778148158217e+02,-1.479197445772176479e+03,-3.225744622802483832e+02
-8.960692055639036653e+02,-1.364832810835676355e+03,-1.282697472154230809e+02
-9.063266585501763757e+02,-1.455733545550754798e+03,-1.256447539418202268e+02
-1.290859438090741151e+03,-1.411928725747246517e+03,-1.237924787236089941e+02
-9.889453716111777339e+02,-1.326586121281180112e+03,-2.505150732837751359e+00
-7.424715360045304351e+02,-1.645166165776483695e+03,-1.592968626067353899e+00
-8.770420132868915744e+02,-1.384291328214884743e+03,-4.288189075907574193e+02
-1.330962897868850405e+03,-1.617974330510331583e+03,-1.240675876785794713e+02
-8.610989382223298207e+02,-1.644892515531579420e+03,-1.295715217865800071e+02
-7.729287643442837634e+02,-1.538377421861860967e+03,-4.842678835975812035e+02
-7.512419584599221025e+02,-1.414128374569956122e+03,-1.260487996398511967e+02
-9.983906643829278664e+02,-1.538308935681365256e+03,-4.606208768268589893e+02
-1.029140303852948819e+03,-1.522920702438322678e+03,-1.257464962618736593e+02
-6.631035070310307447e+02,-1.439205707844256949e+03,-1.248862388936634034e+02
-1.214993327153915743e+03,-1.496655626448753765e+03,-1.265986780615969849e+02
-1.048085338486627279e+03,-1.636283496260461561e+03,-1.282408106440978202e+02
-9.973897386674565269e+02,-1.549915494932819001e+03,-1.106489973682889513e+03
-8.724521082859685066e+02,-1.594308966179312620e+03,-1.449904759291071514e+03
-1.227844163935845017e+03,-1.547909701526717981e+03,-1.289644185275714960e+02
-8.865549801089256334e+02,-1.525618365107220370e+03,-3.686263816488782368e+02
-1.020305792466726871e+03,-1.195824895600388572e+03,-1.494682474745451600e+03
-8.780858891619208180e+02,-1.295969518796299099e+03,-1.089101915117987041e+00
-1.201269823599083111e+03,-1.370207938928614112e+03,-1.263821604426403269e+02
-8.940870635760427376e+02,-1.293447005444219712e+03,-1.280643344583844510e+02
-1.013756779722467854e+03,-1.586150793498904477e+03,-1.118435565455281777e+00
-9.695352363844175443e+02,-1.537469699277308337e+03,-1.238786919063028051e+02
-9.404534493103365094e+02,-1.470737046544944860e+03,-9.448697915742424458e-01
-7.195938024545311009e+02,-1.439535867807116574e+03,-2.658762574054005654e+02
-1.246270463070026153e+03,-1.450973525237854801e+03,-2.615011687279364310e+02
-9.913856620657013536e+02,-1.549957006201717832e+03,-1.303538179078203143e+02
-8.936076965145056192e+02,-1.568414495014358636e+03,-1.265328629245988310e+02
-1.111772051459225395e+03,-1.459590714679559596e+03,-4.010389137733667440e+02
-8.805880976681498851e+02,-1.537299223610779109e+03,-2.538897526341919786e+02
-1.324995856833370908e+03,-1.380948598898307864e+03,-2.414092112639217476e+02
-1.040096194033096026e+03,-1.369235171494161023e+03,-1.254284478033697354e+02
-1.073076813320863494e+03,-1.563456063009884019e+03,-2.590286533695323214e+02
-1.028727403189793677e+03,-1.493500826268143328e+03,-1.325329828508127150e+02
-8.112084855868829436e+02,-1.566773818005101475e+03,-4.095802744872465837e+02
-7.482498827666647685e+02,-1.500822308040526650e+03,-1.304485737511702439e+02
-1.424023573046272304e+03,-1.525690853117326014e+03,-1.089065284462263250e+00
-9.294031307662210111e+02,-1.335370172200613979e+03,-1.304399753766352603e+02
-1.245533756921503709e+03,-1.644023223754506262e+03,-2.438045842085872437e+02
-8.483866834491340114e+02,-1.410289801318439004e+03,-8.042043933641941749e+02
-9.057008445515702988e+02,-1.649919143833846192e+03,-1.279424271849283485e+02
-1.167922836697607636e+03,-1.512257056568265625e+03,-1.087856553845523877e+03
-8.892294718240303837e+02,-1.542223641914693872e+03,-1.249949403494049704e+02
-1.061470157611601053e+03,-1.485635184748390429e+03,-3.775216915681402838e+02
-9.934137748488558373e+02,-1.406819758150146072e+03,-4.060966741236135249e+02
-1.436611161319495750e+03,-1.517619398019162418e+03,-4.092778459677956562e+02
-1.230011614549025353e+03,-1.534675445081639737e+03,-1.259666201939125045e+02
-1.098193688637583364e+03,-1.515530011397112276e+03,-3.128309637941513621e+00
-7.663997548482861930e+02,-1.482107151245276555e+03,-1.275946932522884509e+02
-1.300856957239577696e+03,-1.454232705016674117e+03,-5.421761839302012049e+02
-1.094742334140330968e+03,-1.424047956089426634e+03,-1.309767781311891497e+02
-1.026578438213969775e+03,-1.636714111915194280e+03,-3.713830147104208663e+02
-7.565270344528412352e+02,-1.642720578851010714e+03,-2.551052455837377124e+02
-1.347603542455593470e+03,-1.636621158296680051e+03,-5.455488328570780823e+02
-1.337673605193095682e+03,-1.297814210895942324e+03,-4.409229110140785792e+02
-9.006933060311416739e+02,-1.533336449088787958e+03,-2.666060040845960657e+02
-9.319159747269645777e+02,-1.545362930413023378e+03,-2.658907424760419644e+02
-1.104765310737114078e+03,-1.564126766918210933e+03,-1.249233254160969864e+02
-9.001350299495928766e+02,-1.508947555906934667e+03,-4.461439648841632675e+02
-9.619592481987351675e+02,-1.527844504327560799e+03,-8.178073045258814773e+02
-1.198258433616603725e+03,-1.495643854232135936e+03,-3.850006950308693945e+02
-1.221517279175464182e+03,-1.288777428488384885e+03,-5.315378984313132378e+02
-9.083291695094241049e+02,-1.646404341121929974e+03,-6.708550077122442872e+02
-9.493245124995062270e+02,-1.445756907382608915e+03,-1.284229937762813449e+02
-9.560540484448597454e+02,-1.429501696098723642e+03,-1.277522302982005442e+02
-8.473805095597585932e+02,-1.545424276511543894e+03,-3.845906373095722870e+02
-1.205686212592689344e+03,-1.535793973218221026e+03,-1.237088328888527045e+00
-1.213097486186969718e+03,-1.550754824501999792e+03,-3.952331034479311711e+02
-1.058694443634723484e+03,-1.633893342169260450e+03,-1.317318670330386681e+02
-1.293863879467092374e+03,-1.438247542830586326e+03,-1.268804012207611436e+02
-1.259213771221342540e+03,-1.647181010626853094e+03,-7.261348612255401349e+02
-1.492282331279042182e+03,-1.572855464456360096e+03,-4.825807767763408265e+02
-9.997621857448580158e+02,-1.426001579013046467e+03,-1.271492827671799972e+02
-1.649600781143441509e+03,-1.543824351520913524e+03,-1.318445620293870775e+02
-9.144661828717814842e+02,-1.420473086094284099e+03,-2.670769406666863688e+02
-1.375726569640646403e+03,-1.373690268557235868e+03,-2.628723291845469703e+02
-9.079075464267405096e+02,-1.519342869015197721e+03,-4.582632692342950804e+02
-1.100903631279753199e+03,-1.549441333203376871e+03,-2.633049903379090324e+02
-6.380489353274550695e+02,-1.426824149640158112e+03,-4.418324240390344357e+02
-1.267572673996477988e+03,-1.373898557487536891e+03,-1.334482874889620518e+02
-9.900919691049330140e+02,-1.559665593358601427e+03,-2.619207711982166416e+02
-1.458254724328754946e+03,-1.565183490663609973e+03,-2.513937861215147791e+02
-1.122374004421372092e+03,-1.563771062514903406e+03,-1.277895074335552295e+02
-7.587873669551498779e+02,-1.524064364362187689e+03,-1.309183954972964727e+02
-9.020543744924250404e+02,-1.310620241218392039e+03,-1.315130541678467466e+02
-9.117589264559635467e+02,-1.521164044978560014e+03,-1.292122588688365283e+02
-1.293116215057806812e+03,-1.544172653272157959e+03,-2.272677719575392885e+00
-8.782227057832155879e+02,-1.573322681074573666e+03,-1.315587518568290761e+02
-7.518603171638575304e+02,-1.428565046110256390e+03,-2.633499742107546240e+02
-1.007412341831153867e+03,-1.481223414011771183e+03,-4.140985498258584698e+02
-1.309294359355946654e+03,-1.534231381803390377e+03,-2.736758099535754809e+02
-1.407965502777582742e+03,-1.542956786519788011e+03,-2.438938978273549107e+00
-7.938233045585571972e+02,-1.405371883015503272e+03,-1.395202742103852245e+02
-1.445698449990319205e+03,-1.519070115099548730e+03,-2.522839845947815718e+02
-1.042443151904283695e+03,-1.554369036685068068e+03,-1.395350785759315784e+02
-1.197338395781738427e+03,-1.634921786399481334e+03,-1.277662068486093574e+02
-8.996194043920273771e+02,-1.567173545107194741e+03,-1.303296294520617664e+02
-1.233029867109035877e+03,-1.565522789706496269e+03,-2.532785659917760199e+02
-7.612039734156389841e+02,-1.501935576539725162e+03,-5.567115054071579152e+02
-1.229997269841319167e+03,-1.402252280002262523e+03,-1.295770133409425569e+02
-1.154630749196210900e+03,-1.523563834068189408e+03,-1.275978780924624800e+02
-8.868574753480414756e+02,-1.550271768355024051e+03,-2.714366236897407134e+02
-8.984795973904272159e+02,-1.551296535269296101e+03,-1.280732872063790637e+02
-9.922339615868098690e+02,-1.436035150790240095e+03,-2.776300543641131071e+02
-8.984631586641752392e+02,-1.543190148366514450e+03,-1.261680275294507112e+02
-7.593572349427040535e+02,-1.564230663177311499e+03,-1.377564677123375825e+00
-1.002696404338747925e+03,-1.536823203313522981e+03,-1.315800167452354401e+02
-9.170375546451354012e+02,-1.545577261694672870e+03,-2.838124083847703218e+02
-8.846747541493308518e+02,-1.585560602693039300e+03,-3.977152882090997537e+02
-8.619375673343557764e+02,-1.539672583751883167e+03,-1.302477075483886324e+02
-8.902967309768913537e+02,-1.399986535431970651e+03,-1.307138936124164843e+02
-1.061592479208269424e+03,-1.540037116151546797e+03,-1.297312047998113940e+02
-1.440288015100992425e+03,-1.529852716355560688e+03,-1.309491585639923130e+02
-1.094738461734832754e+03,-1.552802243866444542e+03,-4.459602597122158727e+02
-9.894689734243125940e+02,-1.553686867582047626e+03,-1.424005935180229017e+02
-9.012877192765466816e+02,-1.547806747979817828e+03,-1.645639093116138156e+03
-1.092500726670670929e+03,-1.495888310234457322e+03,-1.265652098875139586e+02
-1.287471113261947949e+03,-1.515706690790407492e+03,-1.293960888659659076e+02
-1.157338747348099105e+03,-1.464425343134355899e+03,-9.369058202407948288e-01
-7.428949820017508046e+02,-1.217997848314831799e+03,-1.275156570153177711e+02
-1.028357833498989976e+03,-1.384819981065499633e+03,-1.206964373334335079e+02
-9.046736316735807577e+02,-1.549860555452979725e+03,-3.623678850386988337e+00
-7.660296217051703707e+02,-1.547334325455943599e+03,-1.269341060966533377e+02
-1.274730654471766456e+03,-1.324436797478613698e+03,-1.451621063928274907e+03
-7.549749755687126935e+02,-1.565598069946433498e+03,-1.298687454353709825e+02
-7.547233678326512063e+02,-1.470279623734508277e+03,-7.002126594191512368e+02
-7.721941363099346063e+02,-1.301930204230538720e+03,-1.291340003594366692e+02
-6.452888546798219522e+02,-1.509403183352950691e+03,-1.334401173961636289e+02
-7.560848766754493226e+02,-1.349934662864810207e+03,-1.038083917324333250e+00
-1.253541755258382636e+03,-1.643126183212089927e+03,-1.271329235345407795e+02
-1.011507786885092401e+03,-1.641120701381930985e+03,-2.954430139144895975e+02
-1.251040738709565403e+03,-1.385425656085232959e+03,-2.576407938172423542e+02
-8.941793471966313973e+02,-1.264303604202818633e+03,-9.045976173252836539e-01
-1.101528239058707186e+03,-1.375514165682137218e+03,-6.500797627269079157e+02
-1.088275662521312370e+03,-1.567107346667115507e+03,-6.739654052997757390e+02
-8.780153488511566593e+02,-1.529037016741954403e+03,-1.516683252643636015e+00
-1.309454119273692186e+03,-1.633946387429235301e+03,-1.302629851433488852e+02
-1.348739846289317711e+03,-1.539809149843317527e+03,-2.691478502812249758e+02
-9.811124951636517153e+02,-1.530345430979895809e+03,-1.688640928366217153e+00
-1.339415900432878061e+03,-1.450372773902638983e+03,-7.565279185262987767e+02
-7.424842898867468648e+02,-1.433009498274990392e+03,-1.301484765956181207e+02
-9.160488703496137077e+02,-1.573308879076455696e+03,-6.555653701735150207e+02
-1.375144097816306157e+03,-1.569323236085651615e+03,-3.979374097792080534e+02
-1.217755367067840098e+03,-1.580770547851359652e+03,-6.703186521180523414e+02
-1.061121930283733036e+03,-1.553759363283372068e+03,-1.170416525851699197e+00
-9.082307359866377965e+02,-1.466762270646677962e+03,-3.766692614868097735e+02
-1.091338616739715462e+03,-1.321135784183009491e+03,-2.198135199864230227e+00
-9.090533393656684211e+02,-1.350997149388149637e+03,-1.295913282544589720e+02
-8.827691672617534095e+02,-1.471340107054903456e+03,-1.362683358501235489e+02
-1.195420357955598320e+03,-1.434785689408596454e+03,-1.242155139194028521e+02
-1.086086960693493438e+03,-1.288654883403066833e+03,-1.293885466755795619e+02
-9.069167568020194494e+02,-1.532410980708017405e+03,-1.805846999038740019e+00
-1.491801714507947736e+03,-1.550229791727946576e+03,-2.606259492736991206e+02
-7.761935865219675179e+02,-1.394039902220845534e+03,-1.291635624046048179e+02
-1.239944435870435882e+03,-1.572525804840883211e+03,-4.097588767611832736e+02
-9.029287424396248980e+02,-1.317651823308632629e+03,-1.562482226168257382e+00
-1.218241456483826823e+03,-1.387973351253017881e+03,-2.574069920004159258e+02
-9.006750434494585988e+02,-1.511675413953532825e+03,-3.604228596387027324e+02
-9.148369015763331618e+02,-1.547121924328634577e+03,-1.241185838388226585e+02
-1.527485215113783852e+03,-1.463847048381434206e+03,-1.296045398579162509e+02
-8.823469600829495221e+02,-1.582129817470646913e+03,-1.285038290568460297e+02
-8.868939998301866581e+02,-1.415002305122906819e+03,-2.514549307532755851e+00
-5.115842588119178345e+02,-1.431349213956112635e+03,-1.027352142076232440e+03
-1.077566445002296859e+03,-1.566394144745644780e+03,-2.885927141681535204e+02
-1.164536678149544969e+03,-1.488391304576349967e+03,-1.120535445727196766e+00
-1.048372528072731257e+03,-1.522718781874270007e+03,-1.210731506936928383e+02
-1.370804931796011033e+03,-1.470800725996159372e+03,-1.265445257840186031e+02
-8.863790462093747919e+02,-1.487604389127571721e+03,-4.020766458685587281e+02
-1.232074514756012832e+03,-1.589058535310438174e+03,-1.281470676853990742e+00
-1.022574197278466272e+03,-1.506638785565039598e+03,-2.556812056298449818e+02
-7.826710827268111643e+02,-1.553167585572339704e+03,-1.317032146382745452e+02
-1.193349611948819074e+03,-1.568445706333666521e+03,-3.964558990013244397e+02
-1.472256585606121689e+03,-1.464737691832113796e+03,-1.314389864113143958e+00
-1.114796030516467908e+03,-1.314735103832573031e+03,-1.312383492058472143e+02
-1.098701635860804799e+03,-1.463731190449078667e+03,-1.254146101776456845e+02
-9.789134689457042668e+02,-1.564412242505065251e+03,-4.323343176524303999e+02
-1.125399619958607445e+03,-1.615803279907871456e+03,-1.255617799565796702e+02
-9.097349367592734097e+02,-1.382792079469841156e+03,-1.256563359633933459e+02
-8.897658523830716604e+02,-1.573651947257685606e+03,-6.712207942415310526e+02
-1.530101188597369628e+03,-1.422348768776709903e+03,-1.191887368662294762e+02
-1.061765706813343286e+03,-1.407809551812080144e+03,-2.559269840260033391e+02
-9.067198499146820723e+02,-1.580859484237257902e+03,-1.235950867889234814e+02
-1.295543637967044106e+03,-1.509290594095999040e+03,-1.638936122018655851e+03
-9.020548809654263778e+02,-1.462260149745320405e+03,-1.245505519600779110e+02
-1.271030214402553156e+03,-1.569223013361661287e+03,-3.776767841404546289e+02
-1.545737864120154654e+03,-1.543722204436528955e+03,-2.631449571219001768e+02
-1.102170452209968289e+03,-1.441889745707439715e+03,-1.260917550676192462e+02
-1.013553515166818784e+03,-1.505800031751632787e+03,-4.002789312724907518e+02
-7.699817338745087909e+02,-1.567204919211939796e+03,-1.304844270394454782e+02
-7.756895890327673442e+02,-1.572462143879888117e+03,-1.381328726249776082e+03
-1.080758920540851705e+03,-1.577512752079197753e+03,-1.247430137198725220e+02
-1.029005788985686650e+03,-1.367031728535925367e+03,-1.285796504997083503e+02
-8.956567561809802100e+02,-1.644453932991340935e+03,-2.632684385519957004e+02
-7.644087344107737181e+02,-1.640958429675847810e+03,-1.267110981904380793e+02
-1.512321733669501782e+03,-1.616852689577312049e+03,-1.259785201937172445e+02
-9.105706793849490168e+02,-1.378127190132722262e+03,-1.246301719442574836e+02
-9.244244391468233744e+02,-1.449518551743718035e+03,-2.531917581648789337e+02
-1.390054402515660513e+03,-1.645717037722749183e+03,-3.822570046097594059e+02
-9.054431970380835537e+02,-1.525272635971403588e+03,-1.254937221052341556e+02
-8.979754876155616330e+02,-1.565589287806984430e+03,-1.251130947907078621e+02
-9.784017020722958478e+02,-1.513538936162412256e+03,-1.304653889827354760e+02
-8.637277293205029309e+02,-1.448094833336755528e+03,-1.130135440485428466e+00
-8.637128341366351378e+02,-1.591802160306266842e+03,-1.241760796707217338e+02
-1.000598739845201976e+03,-1.569558664453444408e+03,-6.986889727651804378e+02
-7.893418176215153608e+02,-1.350671678623039725e+03,-1.291326085535706625e+02
-8.409778772965088365e+02,-1.400770220157479343e+03,-1.273935419334141415e+02
-7.765721563475766516e+02,-1.375320589091231341e+03,-1.304164834452587911e+02
-9.009644605392148833e+02,-1.582652125037993073e+03,-5.419033971506737544e+02
-8.965829781101009530e+02,-1.513386205798378342e+03,-4.037333649896545467e+02
-1.419294663240314549e+03,-1.414619766718047003e+03,-2.576463378488549552e+02
-9.741948153169344096e+02,-1.571459783498705065e+03,-5.318164268576197173e+02
-1.202791557484227269e+03,-1.385311146440454422e+03,-2.515948827967589807e+02
-1.114293705149914331e+03,-1.515174428962366619e+03,-8.007285653617461918e-01
-1.330099020801003007e+03,-1.506244873101933990e+03,-9.925966207288005050e-01
-1.468559676856097440e+03,-1.542238814684345925e+03,-1.263789862739419618e+02
-1.649480010595021213e+03,-1.559319970968577536e+03,-1.177090714790683421e+02
-1.468511126365972132e+03,-1.547961208175193860e+03,-2.628844903830094495e+02
-1.108654124916348110e+03,-1.509840248239182529e+03,-3.906943367725790495e+02
-1.465058701583467609e+03,-1.555005271252767898e+03,-1.254386951985657106e+02
-9.825623462746732457e+02,-1.434355640986950903e+03,-1.288463528390627459e+02
-6.682255905425710125e+02,-1.596506884366772965e+03,-4.178729090860586552e+02
-8.919016872355899750e+02,-1.486129971900114924e+03,-2.724326085426543500e+02
-9.395616685592559634e+02,-1.515601246436162000e+03,-1.281478335995587940e+02
-8.641021802003580206e+02,-1.373322213518585158e+03,-1.276339038036643672e+02
-1.046682469070808111e+03,-1.527759195577468518e+03,-1.258074783418992126e+02
-1.307132546964700623e+03,-1.409939618743603205e+03,-5.642496369312505067e+02
-7.808659767607908861e+02,-1.540524433910826019e+03,-1.332093725736601471e+02
-7.801921289782864051e+02,-1.484772906095167400e+03,-1.297625009922815309e+02
-1.233690289910372712e+03,-1.569564529299536389e+03,-1.259231385682676034e+02
-7.784614190255618951e+02,-1.550616827360931211e+03,-2.459012163418215664e+02
-9.552124830133662954e+02,-1.568966719950700963e+03,-1.249187628219785893e+02
-1.242879223591027085e+03,-1.635078774675826025e+03,-1.278293839927000164e+02
-1.033146378262551252e+03,-1.369210059630400337e+03,-4.267265210226694876e+02
-1.403681678286706529e+03,-1.577758621942870377e+03,-5.588592422886405302e+02
-1.099486449658269976e+03,-1.641706564640255465e+03,-1.271721522066445544e+02
-8.946071194796512600e+02,-1.452695392539604427e+03,-1.288147798903302998e+02
-9.665453607461457750e+02,-1.591674943907166153e+03,-5.457652531772095017e+02
-1.324688790747639132e+03,-1.355534084728340531e+03,-1.217217446856583649e+02
-1.391548399977937379e+03,-1.645714943184195363e+03,-2.752436412214526058e+02
-8.428345112550570093e+02,-1.640708897304165248e+03,-1.012474706169714356e+00
-1.195885120183349272e+03,-1.489471960995146674e+03,-1.046290856699085170e+00
-8.954474154421384355e+02,-1.605041008987963551e+03,-2.439269423122926241e+02
-1.203017030459278203e+03,-1.386431526291522232e+03,-1.277673638584444689e+02
-7.580816262590623182e+02,-1.355341391968828020e+03,-8.765010721762349633e-01
-1.590570884048229573e+03,-1.531619832784414257e+03,-5.862144310814181836e+02
-1.111073885444174039e+03,-1.530346647822420209e+03,-1.287416976452029758e+02
-1.096472875919606622e+03,-1.470184882214864501e+03,-1.259616076526988877e+02
-1.498279706389075272e+03,-1.550160715214662787e+03,-4.307742697725023504e+02
-8.929831800676641933e+02,-1.528669010462344204e+03,-1.299431287393574621e+02
-1.129121260023999866e+03,-1.480633766024982833e+03,-4.348173819124183979e+02
-8.370962387831584692e+02,-1.636790369199873112e+03,-4.067475482872417274e+02
-1.320990961209117813e+03,-1.512964207355662211e+03,-1.335462900828350143e+02
-1.380204398384634942e+03,-1.544666743113107032e+03,-1.293154275233260933e+02
-7.680382442946992114e+02,-1.448085460002814443e+03,-6.542366854748488549e+02
-1.383300105613361893e+03,-1.575615532693165960e+03,-1.224430618274024454e+02
-8.818436931697142427e+02,-1.541943652153998073e+03,-2.690033142574654335e+02
-8.672867169409208827e+02,-1.634035562312019920e+03,-5.132806199900667252e+02
-7.356462417247896610e+02,-1.421631536788145468e+03,-1.287993615312471585e+00
-1.386081689000974393e+03,-1.644536881031614030e+03,-1.263498825767300531e+02
-1.141666249066072169e+03,-1.571042654228261199e+03,-2.702457250208195205e+02
-7.695865524828881234e+02,-1.465964217374307282e+03,-1.312680547486939417e+02
-1.019533326797398786e+03,-1.582913909851895824e+03,-4.798224697914049486e+00
-8.978159845809954049e+02,-1.586476147110440024e+03,-1.250791880366104039e+02
-9.006031042312049522e+02,-1.557474878543145678e+03,-4.929064684293005598e+02
-6.400280882545638406e+02,-1.598906246174767602e+03,-1.248691673978947421e+02
-1.392721681540587952e+03,-1.601869381798535414e+03,-1.264849807155477777e+02
-9.103836199006985908e+02,-1.470791537853470345e+03,-1.254354984421975274e+02
-1.511937413027299726e+03,-1.489965520646859659e+03,-1.291816078138218984e+02
-9.577371193063416968e+02,-1.642917640854677529e+03,-4.315388947210863080e+02
-9.604758019935557058e+02,-1.544359623534849561e+03,-4.249056956835253231e+02
-9.066306040831682367e+02,-1.535303644866402010e+03,-2.728497884563659568e+02
-9.784116598322136724e+02,-1.508391785034411441e+03,-1.297698764905298390e+02
-9.736547097183246251e+02,-1.578669086625419368e+03,-2.603136954087965478e+02
-1.093357299373347814e+03,-1.535086167775324611e+03,-1.285276299203316910e+02
-7.866639727592366853e+02,-1.610337469697019287e+03,-2.419923052098797029e+02
-6.648745405964411930e+02,-1.569566375608938415e+03,-5.576689218249904343e+02
-1.024655759239861482e+03,-1.518904005621039460e+03,-1.250505033122640413e+02
-1.141700191027977780e+03,-1.371602930511059640e+03,-1.289844723605040997e+02
-9.802175919183938504e+02,-1.575455765029980967e+03,-1.281366598302725492e+02
-1.091389966116452797e+03,-1.568051904876310118e+03,-2.637686491874306967e+02
-7.514486813562410816e+02,-1.411617219103884509e+03,-2.594690799339884393e+02
-9.084614533662328313e+02,-1.334742815341074902e+03,-2.638747910805706738e+02
-7.608138178767225099e+02,-1.351542959256004679e+03,-3.556480143465792025e+02
-1.061721434738214612e+03,-1.569948606944033145e+03,-1.289837480647337600e+02
-8.634610509016138167e+02,-1.454170655718437047e+03,-1.266678906787143006e+02
-1.526852388262258955e+03,-1.406315514285540758e+03,-2.510611109528298641e+02
-8.957505218732072763e+02,-1.543861984600682945e+03,-1.319121870388070192e+02
-8.999204101483408067e+02,-1.408454060015198138e+03,-1.357985397370076726e+02
-1.425428484712069803e+03,-1.644183256196296725e+03,-1.313632460022533053e+02
-1.076505935746108207e+03,-1.640593557035929280e+03,-1.364431185326192519e+02
-9.111903533880781652e+02,-1.563665896869071048e+03,-6.502769591376559219e+02
-1.087013692359994138e+03,-1.475228508649974401e+03,-1.126416499855710462e+00
-9.033519278475326928e+02,-1.477069096556707564e+03,-2.623900352751059017e+02
-9.638186677059038630e+02,-1.397871666478259385e+03,-2.554708614977998025e+02
-9.016233235018416963e+02,-1.473230580894269224e+03,-1.273791933771792344e+02
-1.009565323028780767e+03,-1.455518685910662043e+03,-1.285530685810431919e+02
-8.948626393480436718e+02,-1.354991279445591545e+03,-1.295089365187682233e+02
-1.221935401290507343e+03,-1.484619794847142657e+03,-5.152384347544899583e+02
-1.353707604978704467e+03,-1.545241150816835216e+03,-2.637597496956523742e+02
-8.916117565403257004e+02,-1.493335424924581503e+03,-1.270290121547757138e+02
-1.483920426533180944e+03,-1.545214564828925859e+03,-6.414236544948664687e+02
-7.283795169567565608e+02,-1.638651963496930193e+03,-4.611402849471036234e+02
-1.235501640296845835e+03,-1.643490943608042926e+03,-1.296113649559944747e+02
-1.030899640527368319e+03,-1.344363490336982977e+03,-1.309330763173105936e+02
-7.728615889604317317e+02,-1.393471058516478251e+03,-1.634132566031656552e+03
-8.833008457498203825e+02,-1.499620393989845070e+03,-1.292173489108050717e+02
-9.958152956447975157e+02,-1.530158506933105173e+03,-1.293335317138308653e+02
-1.376733634472778249e+03,-1.571665958656207067e+03,-1.304556346475235671e+02
-8.561769567869246202e+02,-1.601742789897043622e+03,-1.305843780666692737e+02
-9.068716449454141184e+02,-1.526292058216403120e+03,-1.278051377009508229e+02
-1.030337197422410100e+03,-1.569988998653789622e+03,-1.239116697711448012e+02
-9.052973858206095201e+02,-1.555996172920184790e+03,-7.357262971959822835e+02
-1.321341900943051542e+03,-1.500913363413761090e+03,-1.292539090244858073e+02
-1.117622082686164504e+03,-1.570164518379290030e+03,-1.268637147573177373e+02
-8.800040414624676259e+02,-1.571598245197733604e+03,-1.270736039053506374e+02
-1.330770923661867528e+03,-1.569407344237631833e+03,-1.278601200174909707e+02
-1.003306026577657235e+03,-1.539246582013419811e+03,-1.278595165659081658e+02
-7.786100475352850481e+02,-1.530251057427744627e+03,-1.298046905664106418e+02
-8.607965669974445291e+02,-1.565741470170928096e+03,-2.179939576887687469e+00
-7.610861584398719515e+02,-1.438008761011163642e+03,-4.585212287083744513e+02
-9.916842878822048988e+02,-1.529957097048010382e+03,-4.957051453308074542e+02
-1.206185411188737362e+03,-1.571302343720039289e+03,-5.105888821191113038e+02
-8.433206685172730204e+02,-1.352684653852322526e+03,-1.271094947983159074e+02
-9.352144347567987097e+02,-1.569685951166619589e+03,-1.312936048136617160e+02
-8.885574320929829355e+02,-1.632965277559238984e+03,-5.114520906785714374e+02
-1.021126269971572924e+03,-1.531656787637195293e+03,-9.596281752223430050e-01
-8.681813681605710826e+02,-1.407912219752843839e+03,-1.575193000306781641e+03
-1.455288602615969012e+03,-1.501840549997921244e+03,-4.177314649684786900e+02
-7.718932225873603556e+02,-1.432920085924454952e+03,-6.284889542902864150e+02
-1.551553131781641923e+03,-1.533538930523379122e+03,-1.290420346138800198e+02
-1.049742936071001623e+03,-1.385853204184215883e+03,-1.294873695483533140e+02
-1.209077838613631684e+03,-1.480339255306327004e+03,-2.525819699976405559e+02
-1.054985781784691426e+03,-1.564316421620350411e+03,-5.415836082524551784e+02
-7.494349097916212941e+02,-1.530718058461420924e+03,-5.273706379199147705e+02
-7.705055033968133102e+02,-1.450873613487918874e+03,-1.274752446436758220e+02
-1.352849334872799545e+03,-1.524119198787233245e+03,-1.282553925809412192e+02
-1.104660861424381210e+03,-1.527497622617845309e+03,-1.281637443684634263e+02
-1.136321881424923504e+03,-1.486913452143572840e+03,-1.243953434600683465e+02
-1.271005489710212942e+03,-1.574977445961234253e+03,-4.165877242543360808e+02
-9.974842839331888626e+02,-1.552876526170353827e+03,-3.972078464038798415e+02
-1.225470641056728027e+03,-1.405895703422775341e+03,-3.940622642542772383e+02
-1.348033525765010154e+03,-1.465211136094931135e+03,-3.665507863404760656e+02
-9.186202674228165961e+02,-1.530018843649445216e+03,-1.278052608252507554e+02
-8.919485975241362894e+02,-1.428375734464337711e+03,-3.827594688472841540e+02
-1.196675645372944473e+03,-1.521510461015487181e+03,-1.211154727919922749e+02
-7.210923588616717552e+02,-1.416869523447516258e+03,-5.784252854929164869e+02
-1.288432559746533798e+03,-1.542687288903785657e+03,-4.436098251897554405e+02
-7.741516747367217022e+02,-1.507597468771356489e+03,-1.296240294241853235e+02
-9.019031226839509827e+02,-1.417787971528208118e+03,-1.350994917641765198e+02
-8.924889740358165682e+02,-1.544537437949526975e+03,-1.249734877047819879e+02
-7.679682991019850533e+02,-1.575685278797402134e+03,-1.256116597138963868e+02
-8.318308728778024488e+02,-1.530992054035644742e+03,-3.934412635516101773e+02
-8.901737954013677836e+02,-1.539931743720062741e+03,-2.541191023386138568e+02
-7.809484249997940424e+02,-1.565288327207658995e+03,-4.112641562884161885e+02
-7.567393170399071778e+02,-1.406652964256188397e+03,-1.260109531625985682e+02
-8.950232745140071984e+02,-1.645089893790183396e+03,-1.282823391612828061e+02
-7.438602547457514902e+02,-1.572668548766331469e+03,-1.300520265079877333e+02
-1.171677516104869028e+03,-1.435122686035572769e+03,-1.255295528298778009e+02
-1.378320309252403831e+03,-1.514458546430747901e+03,-1.325269028539000260e+02
-1.187989125786469685e+03,-1.435202920003282088e+03,-2.591527123649291298e+02
-8.668350528720686725e+02,-1.640780747915773190e+03,-1.276525574968953549e+02
-5.413317715413847964e+02,-1.340872457942668461e+03,-2.351539326249753703e+00
-8.699092025931299759e+02,-1.553733331430358248e+03,-3.887548883979709444e+02
-1.413877601988040851e+03,-1.528837647377987878e+03,-2.842079858399997647e+02
-7.612188346836453547e+02,-1.539363619854789704e+03,-2.582467118878678320e+02
-1.226645781703796047e+03,-1.468439999455650877e+03,-1.274333937559393064e+02
-1.396162479903887061e+03,-1.331263179321521648e+03,-1.251729516866319187e+02
-1.113357195523242126e+03,-1.570621735345325760e+03,-1.041015270661489245e+00
-1.217890076437595781e+03,-1.214139437112247606e+03,-1.269751815534609705e+02
-7.807415615226407226e+02,-1.059928348563939608e+03,-1.222187402548947830e+02
-9.209505789597541252e+02,-1.390850189696314601e+03,-4.931237526399306716e+02
-1.062325182495054605e+03,-1.593673522666857252e+03,-4.744404921064945597e+02
-8.794147240195422910e+02,-1.653221412844396809e+03,-1.302978072014932991e+02
-1.514172991433312745e+03,-1.541013718554754632e+03,-5.649927188677115630e+00
-7.558027437320654371e+02,-1.388434112070641959e+03,-2.592348714251059505e+02
-1.327953939991607058e+03,-1.612571424259762580e+03,-2.721611249695305901e+02
-1.112927116259976628e+03,-1.271005969866493842e+03,-1.237287191847686785e+02
-8.660310248482948055e+02,-1.520865136545018004e+03,-8.090668895548426462e+02
-1.219490537821214502e+03,-1.424371642023059849e+03,-1.309662597806691053e+02
-7.753648305382240551e+02,-1.569794832414978600e+03,-1.245266981781094406e+00
-1.065947803790220405e+03,-1.568458165043055942e+03,-2.573124873880217489e+00
-8.412122439692462876e+02,-1.416964040661707486e+03,-2.701942386449208584e+02
-1.144264960052874585e+03,-1.568354552145264051e+03,-1.078720618207996917e+00
-9.340993991586627772e+02,-1.502171981432596795e+03,-1.434063413849585004e+03
-7.010839147675878849e+02,-1.565137350769429759e+03,-2.623232972905903466e+02
-7.765760811604919809e+02,-1.508219285586373417e+03,-1.210715000558322600e+02
-1.202451980100876426e+03,-1.118664571740281872e+03,-1.269069156166031149e+02
-6.458287744444021428e+02,-1.487328952563917710e+03,-2.528349634315424055e+02
-1.105631870541643821e+03,-1.556208832516666007e+03,-1.325176988936874523e+00
-8.204633591410578219e+02,-1.560257045605611211e+03,-1.278469770218667492e+02
-1.225523006152321614e+03,-1.567226727294424563e+03,-9.781339069292008803e-01
-1.197920405074163227e+03,-1.563685191921474825e+03,-2.521871877260995234e+02
-9.409989737308950453e+02,-1.476757995777048336e+03,-4.007030392883776813e+02
-1.526650380771772689e+03,-1.236234412509663571e+03,-2.731539739877991906e+02
-9.037077013776118974e+02,-1.502695059640098862e+03,-1.257084030632032210e+02
-1.088126001101836891e+03,-1.600111035180248564e+03,-1.274434935988842454e+02
-6.479504736295790508e+02,-1.616179404767769938e+03,-2.569291379934700217e+02
-8.810621489238690174e+02,-1.514649219678743520e+03,-1.297865760786942531e+02
-1.215734253936782579e+03,-1.521024485832219625e+03,-1.304147442320596326e+02
-1.510612403502822644e+03,-1.551545315722694795e+03,-1.282206814828623465e+02
-1.141686348581525181e+03,-1.578018095190977419e+03,-1.268945235549947625e+02
-1.119338358382212164e+03,-1.643723960570746158e+03,-3.793568180185164920e+02
-1.121468954136692446e+03,-1.567894306473322786e+03,-1.475786037689903685e+00
-1.193964716747154398e+03,-1.565063181213815824e+03,-1.280761616778752057e+02
-1.006086592901827430e+03,-1.297346307024469070e+03,-1.314598938932299177e+02
-8.561092752801105235e+02,-1.478883926830075779e+03,-4.250242246198609450e+02
-9.975283342359738299e+02,-1.431634880558739724e+03,-4.116746483153547729e+02
-1.570917663725973853e+03,-1.216105983017755534e+03,-1.290925368614729507e+02
-1.021444625139629238e+03,-1.460893290557293767e+03,-4.908925160017974463e+02
-8.673433569407802679e+02,-1.521527516421467226e+03,-2.644128543747552840e+02
-9.796510338880834752e+02,-1.641614395988507340e+03,-2.537175430074304074e+02
-1.300139625340983912e+03,-1.401951193613127771e+03,-1.333609330882704569e+02
-1.430035313162495186e+03,-1.574873738612576744e+03,-5.297356654867180623e+02
-7.612736640043839316e+02,-1.569015468308587515e+03,-3.833868871396080635e+02
-1.507924114303870738e+03,-1.568954228112463625e+03,-3.831550129440399814e+02
-1.073521635834959625e+03,-1.601696038969308574e+03,-3.470096615673747351e+02
-1.515724739926449956e+03,-1.522804312575390668e+03,-1.272244352954437261e+02
-1.253779499809674917e+03,-1.452877494660222965e+03,-2.640170662943733078e+02
-1.099795239635522421e+03,-1.522536143552984413e+03,-1.244182571315132151e+02
-1.008264528091363559e+03,-1.414860785645704937e+03,-3.979269851595223031e+02
-6.792199214643247842e+02,-1.448744384030862648e+03,-4.862981145489786741e+02
-1.072732027613440096e+03,-1.524762727944517337e+03,-4.196447037815578938e+02
-6.971018452322766734e+02,-1.553709149342586670e+03,-1.235235942169132812e+02
-8.910802892198947802e+02,-1.540051320885698487e+03,-2.593461862633346868e+02
-7.574171633346884391e+02,-1.469687680437559266e+03,-6.135979264417524064e+02
-8.699382624872807810e+02,-1.573220441069905064e+03,-8.842782657960395909e+02
-1.345020252751590533e+03,-1.396701002973961749e+03,-4.304103829484454309e+02
-8.952211080468215414e+02,-1.560270616553502350e+03,-1.269660701594024772e+02
-7.622165947411900788e+02,-1.475823060995212700e+03,-2.614989037961218514e+02
-6.294560230057569470e+02,-1.452513462189036090e+03,-1.223324684755466407e+00
-6.237278763950096163e+02,-1.423007170788050644e+03,-1.289438824864317326e+02
-6.368090591957618471e+02,-1.569628260201837975e+03,-4.064540556534240068e+02
-1.064182150843671707e+03,-1.511478008553524660e+03,-4.232000658130319266e+02
-8.953945334062602797e+02,-1.525143955653138391e+03,-1.299128064974536585e+02
-1.192067388972887102e+03,-1.507034411170925296e+03,-1.035931781779409366e+00
-9.895106611517422834e+02,-1.471935340731285123e+03,-1.299001190013676990e+02
-1.446760694412164185e+03,-1.424536793379150595e+03,-1.293639142000786251e+02
