-1.295795828627423134e+03,-1.416041308513808417e+03,-8.461423142433785642e+02
-1.241406716007827526e+03,-1.717526168036385116e+03,-1.188016454144507406e+03
-1.297014217735546481e+03,-1.559718286613146574e+03,-1.569295999684622529e+03
-1.109012726063484479e+03,-1.248891070291309234e+03,-1.528633000454501598e+03
-1.653133960662383970e+03,-1.640521805730887309e+03,-1.262245175696155229e+03
-1.610461969766681250e+03,-1.570815364523953122e+03,-1.286952643985576060e+03
-1.564301102660946071e+03,-1.629360637145265855e+03,-1.612040685424422009e+03
-1.698636795559606981e+03,-1.617006716847074586e+03,-1.541090440974116063e+03
-1.549862299946853227e+03,-1.627373388136733865e+03,-1.609520172285882381e+03
-1.171686911675899637e+03,-9.195886668400960389e+02,-1.519986372106751332e+03
-9.872783144606447649e+02,-1.290076790781624823e+03,-1.528420065084642829e+03
-1.497643926946714828e+03,-1.604386208986913744e+03,-1.629851151096360809e+03
-1.765580982700265849e+03,-1.623986338944828049e+03,-1.513589586696302149e+03
-1.703964275323666698e+03,-1.430691591207880720e+03,-1.612610300951364707e+03
-1.433183532015670608e+03,-1.495198778962401093e+03,-1.396124757428357952e+03
-7.878456336633051933e+02,-1.641750604501585258e+03,-1.547688916172035761e+03
-1.004756778889779412e+03,-1.697375931170202421e+03,-1.462914423187591410e+03
-1.185212198255562271e+03,-1.696066490870953203e+03,-1.349333011698611472e+03
-1.133736527338532596e+03,-1.479175863123845147e+03,-1.387062661991190680e+03
-1.334412369303435071e+03,-1.291184646124679375e+03,-1.464352785764907367e+03
-9.008802959610480912e+02,-1.474264533600425921e+03,-1.067331351896786600e+03
-1.037029597542060174e+03,-1.441637036886477063e+03,-1.115219731218469633e+03
-1.024185978123367477e+03,-1.333920986680451961e+03,-1.163502920218225199e+03
-1.098640392793690580e+03,-9.079139610246913890e+02,-1.346171929819323395e+03
-9.940328222082215461e+02,-1.634049069452523554e+03,-1.027720619147816933e+03
-1.283021979416801514e+03,-1.559932496141464298e+03,-1.103323369578278744e+03
-1.383751918073008028e+03,-1.713067051707822657e+03,-9.576442807250346050e+02
-1.190935588235045770e+03,-1.704797539678254225e+03,-1.057420950140562354e+03
-1.008882180982568912e+03,-1.683331827160609919e+03,-1.006027453971319005e+03
-1.146868152176907643e+03,-1.637259551810890571e+03,-9.682485031835643667e+02
-1.364011764804445193e+03,-1.577145369111550053e+03,-1.172066099424665254e+03
-1.017008076874286189e+03,-1.458795573519352274e+03,-8.785738159839437458e+02
-1.052921998844894233e+03,-1.557493806951501028e+03,-1.155807782006845855e+03
-1.196772816765049356e+03,-9.145310609920579736e+02,-1.033974080944967909e+03
-1.352472120405490159e+03,-1.532372627338810616e+03,-1.221572411131608078e+03
-1.331959197244588040e+03,-1.344018213732581671e+03,-1.336902788680836011e+03
-9.237719286779584991e+02,-1.590668537547773440e+03,-1.209520151807823595e+03
-1.516313671706043351e+03,-1.291819522539334685e+03,-1.053988468257612794e+03
-1.470086698527361705e+03,-1.365157970381423866e+03,-1.145134029629048200e+03
-8.893923329483124007e+02,-1.301564547500469871e+03,-6.474285309778995270e+02
-8.058390821760780227e+02,-1.594168641239660474e+03,-1.040396875370830685e+03
-1.270834529127991573e+03,-1.485743709368652617e+03,-1.059634672013189629e+03
-1.022116691088554035e+03,-1.647352157698740939e+03,-7.807648861550256925e+02
-1.203299703007420703e+03,-1.437631284715369702e+03,-7.834066206922112769e+02
-1.411676379386634608e+03,-1.346077126475643581e+03,-9.575035727795283265e+02
-1.004222345586605911e+03,-1.323991170047041578e+03,-9.479741412863709229e+02
-1.026604244120795784e+03,-8.966483209826924394e+02,-1.190651478217031581e+03
-1.040559495167419982e+03,-1.679053148913898212e+03,-1.224443837577150816e+03
-1.003727740753191711e+03,-1.179877682607145516e+03,-1.091140963298810902e+03
-7.721340610793281485e+02,-9.519606569001826983e+02,-1.050256309603756563e+03
-8.905850527318874583e+02,-1.376501771062805574e+03,-1.197850211808355652e+03
-1.309611711726367048e+03,-1.451276096642168113e+03,-1.268841786573696027e+03
-9.906766344666885971e+02,-1.625234339360964213e+03,-1.179225533113940173e+03
-9.922824795189970928e+02,-1.641705178705827620e+03,-1.369421131794429130e+03
-1.023137702550676181e+03,-1.506890130384948634e+03,-1.034796739112424348e+03
-1.092132652864296460e+03,-1.279354707666713693e+03,-1.123162294486341807e+03
-1.112007827479050547e+03,-1.694506539131692989e+03,-1.003373908924491047e+03
-8.996217925326793647e+02,-1.640009958414795165e+03,-9.165978295116786967e+02
-1.090958701085326084e+03,-9.335993237918615932e+02,-7.807130141347529388e+02
-1.387628348749933139e+03,-1.549988922853366375e+03,-1.313949816984276367e+03
-1.192990850179317476e+03,-8.519024115123798992e+02,-1.037390449486373200e+03
-1.122662701470316279e+03,-1.612336717139520488e+03,-9.067789635890321733e+02
-9.051297205340263190e+02,-1.304742847635390717e+03,-9.084958552700087466e+02
-1.120025044703212643e+03,-1.703958453977996669e+03,-8.897619811891314612e+02
-1.335736154266292715e+03,-1.520372598777424400e+03,-8.978758133261451349e+02
-1.095654608833037855e+03,-1.456221496918747334e+03,-8.901630821089286201e+02
-1.070652587375099756e+03,-1.276888014687188388e+03,-7.687789529586683557e+02
-1.319226254047434622e+03,-1.413215742555247516e+03,-7.616878822967388487e+02
-1.214547758343641590e+03,-1.324444728034950685e+03,-7.624905049747643488e+02
-1.023648755399696824e+03,-1.618471507812705340e+03,-8.879470116793105490e+02
-1.185542251357187524e+03,-1.254040124446228674e+03,-8.797994051178519612e+02
-9.936273432422282212e+02,-1.616985983812735412e+03,-7.735606030001443969e+02
-1.465889917022197324e+03,-1.700245113403996356e+03,-8.964329358945014974e+02
-8.995846918756492414e+02,-1.621056643051656010e+03,-1.551191104162796819e+03
-1.218634356835857716e+03,-1.707257256677603891e+03,-1.127038400686622253e+03
-1.135792890308520100e+03,-1.470572785929647807e+03,-1.115633241207298624e+03
-9.163848354694300724e+02,-1.581703930426169336e+03,-1.586707887464146552e+03
-1.055643204345287359e+03,-1.613786510865003720e+03,-1.050378765209047742e+03
-1.177399544033694383e+03,-1.423858477432184372e+03,-1.190428682543712966e+03
-1.276350841142769923e+03,-1.552975363409981128e+03,-1.034418737068976498e+03
-1.202044468524238027e+03,-1.350247494152921263e+03,-1.289699567108983501e+03
-1.216782711185667722e+03,-1.622328818799682722e+03,-9.744563613545510634e+02
-1.094626347653734229e+03,-1.699610878045958771e+03,-1.433585018609268218e+03
-1.000694337084637255e+03,-1.563452331650439646e+03,-9.551754618838134547e+02
-1.099333704711960308e+03,-1.629217448200678518e+03,-9.444254501147079282e+02
-1.110182070030826480e+03,-1.642392195917678691e+03,-1.154841536763565500e+03
-1.162561319449457642e+03,-9.056756473881185912e+02,-1.068039462735770712e+03
-1.068769311346372206e+03,-1.438214826344033781e+03,-1.074452328366608754e+03
-1.126708952753447647e+03,-1.521319337371738129e+03,-8.794321363971984056e+02
-8.949939298659533051e+02,-1.710772531810008331e+03,-1.065287126128030877e+03
-9.690246525171628491e+02,-1.702172245093280480e+03,-9.438686761939612779e+02
-1.492760349810945627e+03,-1.371254952656629712e+03,-1.059539756526866313e+03
-9.946986719829296817e+02,-1.700955308538452528e+03,-9.538740700233661300e+02
-1.003474895308371174e+03,-1.622246979178419451e+03,-9.372245650399760279e+02
-1.028742035386619818e+03,-1.683893051991512266e+03,-1.307110552637145702e+03
-8.690483618097598537e+02,-1.621952695643053403e+03,-9.523224754109039623e+02
-9.234907963397275807e+02,-1.672209737042971710e+03,-8.019355231316814070e+02
-1.109069064612275042e+03,-1.576794888196563079e+03,-6.433232018911749037e+02
-1.093245867527864448e+03,-1.633626366641731920e+03,-3.912351255182977070e+02
-1.072868217328399396e+03,-1.640300701577406699e+03,-7.922113475534755480e+02
-8.916700422034730309e+02,-1.647953719176286540e+03,-2.592367749998683735e+02
-1.153216805811947552e+03,-1.722219682828573013e+03,-1.298625102847037738e+02
-8.868360162130986737e+02,-1.615502509668895300e+03,-6.464436466232290286e+02
-1.052638254068304605e+03,-1.242742914794632270e+03,-2.556688070527599734e+02
-9.514835667839677171e+02,-1.170849892379007770e+03,-5.160190470731997721e+02
-1.128847884915043096e+03,-9.015685838489486059e+02,-9.148866199183298704e+02
-1.322872738533312258e+03,-1.450916950831796157e+03,-9.063696738194489626e+02
-1.254841044616933004e+03,-1.433543505501222171e+03,-7.778218244289514587e+02
-9.067409461536005892e+02,-1.546292447335731822e+03,-2.587348092547902638e+02
-8.932034181371466275e+02,-1.430310369894689302e+03,-9.465131040684584605e+02
-1.641230720540831271e+03,-1.583218768125023416e+03,-3.175673485845753703e+02
-1.073719528829116371e+03,-1.459996169091010870e+03,-9.288635791502573511e+02
-9.940661871499743256e+02,-1.703476850381567147e+03,-1.045486577740216035e+03
-9.346927181058936185e+02,-9.051458857817536909e+02,-6.532278972511298889e+02
-1.100770805173849794e+03,-1.399710809064140449e+03,-8.167519649883216744e+02
-8.583306887422855880e+02,-1.694537943456075482e+03,-5.285589110260634698e+02
-1.325538695589192685e+03,-1.465971411318050514e+03,-6.649876432328641158e+02
-1.075101978315308315e+03,-1.350531631718829203e+03,-6.553759801841316630e+02
-7.463088980396256602e+02,-1.541161729632923425e+03,-2.560713893877264695e+02
-8.656835019905269064e+02,-1.538638793257035104e+03,-6.785431575271715019e+02
-8.646919593714811754e+02,-1.608897036665404812e+03,-6.800337538098407322e+02
-7.456161291374680786e+02,-1.567399850933490370e+03,-1.297764830618735630e+02
-7.444674517983156647e+02,-1.627200491211954613e+03,-3.933190476281845918e+02
-9.702597529716091458e+02,-1.696774533217630960e+03,-6.811751984826366879e+02
-1.420838576605711978e+03,-1.432142220231697820e+03,-2.549125089463348672e+02
-8.532943820171045672e+02,-1.613045804143408759e+03,-3.997432276180410327e+02
-1.111951252863093032e+03,-1.569482956555631290e+03,-3.899049405399814532e+02
-8.583669120452442485e+02,-1.318205441309321941e+03,-1.338417139524900108e+02
-8.651961221292602886e+02,-1.287986201677610325e+03,-8.707618259434857464e+02
-1.018716040193141225e+03,-1.515455372035480195e+03,-1.292902317073580321e+02
-8.568541134277876381e+02,-1.597867095129994823e+03,-3.273787750362583182e+00
-9.039528222237975115e+02,-1.571062046821569766e+03,-3.737567925190603546e+02
-8.321098053013552089e+02,-1.698726249168731329e+03,-1.029960256651250347e+03
-1.026919487023376860e+03,-1.642883575145043096e+03,-1.000958875011086047e+00
-1.243361592807329089e+03,-1.325023499945252524e+03,-5.542909650620963475e+02
-1.171415768271637262e+03,-1.295011726736601759e+03,-2.536996912284889731e+02
-8.738385775682133954e+02,-1.319771260563649093e+03,-1.169261050428172666e+03
-9.857557402433551488e+02,-9.348000230215989177e+02,-9.612676686318642396e+02
-8.587263780907883302e+02,-1.453591824154741971e+03,-1.287823285778562763e+02
-9.716451938714752714e+02,-1.601948450118081837e+03,-3.932196390283550613e+02
-7.482731458715579720e+02,-1.633534756711325144e+03,-3.884334112181530259e+02
-1.247420443436843925e+03,-9.309301783040079954e+02,-4.120709188478263627e+02
-1.353032946853905969e+03,-1.611514848995167540e+03,-2.587641669151959150e+02
-8.651760589986132572e+02,-1.402560198718059837e+03,-2.592785404811468766e+02
-1.068326141179720707e+03,-1.612948993178392811e+03,-4.857890218514057779e+02
-1.261779038694202427e+03,-1.555701176598013717e+03,-3.957652334292938576e+02
-1.082286679740385125e+03,-1.660160890955433160e+03,-4.092292375462503173e+02
-9.610179478014977121e+02,-1.327559517599989704e+03,-1.224693752126922391e+03
-1.107009880759401312e+03,-1.619854824568621098e+03,-4.104656609151406315e+02
-1.379303195715424863e+03,-1.617887084287454400e+03,-6.445050453826837611e+02
-9.648432511761164960e+02,-1.486118428667303533e+03,-1.071372178618344378e+03
-9.412917687743781698e+02,-1.670275091747451825e+03,-6.183777339316452526e+02
-1.315550372201575556e+03,-1.670522230339634234e+03,-7.739013992355103255e+02
-9.689408765583995091e+02,-1.709320727867731648e+03,-6.644533588458947406e+02
-1.394106983897277360e+03,-1.430429498577383811e+03,-2.581565510431403254e+02
-7.562141784888267466e+02,-1.606962144972233091e+03,-1.327815307344101257e+02
-9.291583184586659172e+02,-1.630648122882498456e+03,-6.236080824147146586e+02
-9.771816178761293941e+02,-1.368381963405409806e+03,-2.612717474649285805e+02
-7.476034022170890694e+02,-1.702704091392315831e+03,-1.305477760211766736e+02
-7.388634105519405466e+02,-1.436685031703775394e+03,-1.288405100666547298e+02
-8.668611738211430975e+02,-1.605912038980431589e+03,-3.944617806675712472e+02
-1.254574677692374280e+03,-1.345619365504068810e+03,-2.609127966398638705e+02
-1.096307775476839424e+03,-1.648205211717486463e+03,-8.010179461868858652e+02
-1.061335996792519609e+03,-1.670253858270584033e+03,-5.391810654546943624e+02
-7.560742540015041868e+02,-1.725226334832439989e+03,-2.595095070378372384e+02
-9.824971266968344707e+02,-1.379365239830993687e+03,-1.320034666346607537e+02
-7.479194201206249772e+02,-1.583052030063465281e+03,-1.307393434521153779e+02
-9.643482466730843043e+02,-1.631452924481448008e+03,-5.592496320278340818e+02
-9.109807217719405799e+02,-1.581218917996232676e+03,-1.279337322970072393e+02
-9.843200620748560823e+02,-1.498613963695784378e+03,-1.297941887338369895e+02
-1.007593490658854648e+03,-1.480561021411232105e+03,-5.360846161441625100e+02
-8.862211679412677086e+02,-1.637367249761119865e+03,-1.737991913745665897e+03
-1.475241630475577949e+03,-1.596802827284505838e+03,-1.294407571031941018e+02
-9.661983438641550492e+02,-1.601003004954470953e+03,-6.645128251961230914e-01
-1.471418716192891225e+03,-1.625934953943838764e+03,-7.640649607109362478e+02
-9.028783131947482161e+02,-1.657971522402016262e+03,-2.667839818899872171e+02
-8.894114562736818925e+02,-1.627744477063198929e+03,-2.630743271168676642e+02
-1.218578282774513809e+03,-1.491896036641314822e+03,-8.342267609376203836e+02
-1.040589401036770369e+03,-1.495003049694249512e+03,-1.310863382984853729e+02
-7.575066195929991864e+02,-1.678273908276829388e+03,-6.913623039336390548e+02
-1.401619249261369760e+03,-1.629991616513365898e+03,-1.297912103925333724e+02
-8.915710556436187062e+02,-1.711417419279755450e+03,-5.486645085907798602e+02
-7.429499393100959423e+02,-1.628800901102918715e+03,-1.288155609413928175e+02
-9.632776039358635671e+02,-1.665342017821159970e+03,-6.526722351079056184e-01
-7.911076361703434259e+02,-1.355717385426594092e+03,-2.631091054585764937e+02
-9.234546257536154599e+02,-1.410324066213435117e+03,-3.990756110852327652e+02
-9.994909231632109368e+02,-1.394744670764840293e+03,-2.710509333910710552e+02
-1.030030191808156133e+03,-1.599258695027125441e+03,-3.933991498858202362e+02
-1.019239191016892391e+03,-1.707933197630738277e+03,-2.628098285357826285e+02
-9.030356513242072651e+02,-1.689784243154954765e+03,-1.305066490846833744e+02
-8.940215081821734202e+02,-1.379511244457952898e+03,-1.322319005135343843e+02
-1.316148497901945120e+03,-1.374288191699150275e+03,-2.621047566891857059e+02
-1.097197797271853688e+03,-1.257668212487380288e+03,-1.293527456439264824e+02
-1.028678203701416123e+03,-1.612846686493101743e+03,-2.435970381899164749e+01
-1.195993559503829601e+03,-1.619730647861846364e+03,-1.291519415073988171e+02
-1.071943774583894992e+03,-1.335574501342104440e+03,-1.408594624238001870e+03
-1.325797570158212920e+03,-1.494653334439989294e+03,-3.981574007469279763e+02
-9.623494776872278180e+02,-1.366048478605963055e+03,-1.397509371824634172e+02
-8.840714735860120754e+02,-1.312228304163619896e+03,-8.242223144730530748e+02
-6.122633481916042228e+02,-1.602777750087647519e+03,-2.640278256065594178e+02
-1.031069025746321813e+03,-1.696219270008632293e+03,-1.340749010092374192e+03
-9.889449063951763037e+02,-1.404225350670512398e+03,-2.659533403826428639e+02
-5.846811356474837567e+02,-1.591602370924243132e+03,-2.599567897499978244e+02
-1.079623643119697817e+03,-1.628434919790493268e+03,-3.910925681964351384e+02
-1.119410299752283663e+03,-1.608936771787663247e+03,-1.349045310152891943e+02
-1.194239113258347516e+03,-1.637197439244151155e+03,-3.809422412545189900e+02
-8.657714773389744778e+02,-9.255854308606981249e+02,-3.859783909296294269e+02
-7.223404242327317206e+02,-1.374056532572851893e+03,-1.290994627766732776e+02
-8.528078976024561371e+02,-1.601550687312840637e+03,-3.770522555801139042e+00
-1.351889043482093030e+03,-9.083318957497156134e+02,-3.051085401812010822e+00
-9.063923352443280237e+02,-1.563285822225490620e+03,-1.257130068349676151e+02
-8.561406048360950081e+02,-8.996931260270898747e+02,-3.907694900076289741e+02
-9.709051121232482728e+02,-1.436400227946949144e+03,-1.326360616421082739e+02
-7.985965191499599314e+02,-1.613782542088155878e+03,-3.839164641933624011e+02
-1.182780357443356706e+03,-1.642788010043562963e+03,-1.350194418649925581e+02
-1.204448719202267057e+03,-1.352684014891836114e+03,-2.658684240526616804e+02
-7.354617510778717815e+02,-1.715252407552448176e+03,-6.227187929397958897e+02
-8.529790859008530788e+02,-1.557209268340152676e+03,-2.592748977123368945e+02
-8.307142741438992743e+02,-1.410669256604274324e+03,-2.595121062149300428e+02
-9.797959014628816021e+02,-1.389684382795947158e+03,-2.614842933935929814e+00
-8.469486984998551407e+02,-1.400942453477135587e+03,-2.551660598427776847e+02
-9.708588892400174473e+02,-1.358868493586363911e+03,-2.524562592789648932e+02
-1.082835475622293416e+03,-1.406128638949638116e+03,-2.548418883632749612e+02
-9.843337680194842960e+02,-1.614505655733871436e+03,-2.557506211508622016e+02
-6.993134627270577539e+02,-1.633375089153344788e+03,-2.533939540916243800e+02
-1.253482763883139341e+03,-1.518389851461562102e+03,-2.574844893904811443e+02
-1.195187920961252757e+03,-1.600609113768480029e+03,-7.365141368651178482e+02
-1.220283588363302670e+03,-1.213362153924486392e+03,-2.562323676304822584e+02
-6.394903584028127170e+02,-1.275633592173492843e+03,-1.285903703454413005e+02
-1.347891547847306811e+03,-1.542942183611228074e+03,-1.447811661936579640e+03
-7.512327939656165654e+02,-1.677796833337602493e+03,-3.872645161533853297e+02
-8.675806621642672098e+02,-1.697175616869557871e+03,-5.162299668613427457e+02
-8.520325530398695264e+02,-1.616600946044389502e+03,-6.322248233368590036e+02
-9.734506279523061494e+02,-1.140703095357656593e+03,-5.414549661842403339e+02
-1.501808774609065949e+03,-1.603123322237435559e+03,-6.441281863254702102e+02
-1.404704116409721337e+03,-1.671079792504243187e+03,-3.968494963199146355e+02
-8.828153677667322654e+02,-1.633886086573770854e+03,-1.300961288375945060e+03
-7.708777174448172218e+02,-1.451265129365741586e+03,-4.053312366490113732e+02
-8.624971685593116035e+02,-1.589139027469952907e+03,-1.346983665758424422e+02
-9.564969771763884410e+02,-1.665601885015952348e+03,-2.385250516306426150e+00
-1.550631111842621067e+03,-1.393165928773095857e+03,-1.339664547029321398e+02
-1.082060410540991370e+03,-1.509015590621651427e+03,-1.315207488234351558e+02
-1.036712124660787140e+03,-1.697727691890435153e+03,-3.992658581039574983e+02
-7.614529721726765956e+02,-1.554260026190776216e+03,-3.985330694721106966e+02
-8.526423311155574538e+02,-1.570395151372283181e+03,-2.610050483490003899e+02
-8.403333366979549055e+02,-1.326740084767797725e+03,-1.332562682780629757e+02
-1.078893260846728708e+03,-1.691737087160053989e+03,-2.684847063152450346e+02
-9.912608281657991256e+02,-1.634052125621597497e+03,-9.390246199547195829e+02
-8.631834915856080670e+02,-1.341383812150013682e+03,-1.315734270203335541e+02
-1.327427067800328814e+03,-1.413231654888704497e+03,-4.178401015629196422e+02
-8.885537116732068625e+02,-1.630355186297184900e+03,-7.845120809615387998e+02
-9.942377994319928121e+02,-1.670066638032684068e+03,-2.550617996480283409e+02
-1.221737785135713239e+03,-1.661345356225666819e+03,-1.896191381711706425e+00
-9.668027512288065282e+02,-1.301956124779196898e+03,-4.959995728548587977e+02
-8.314333325995606856e+02,-1.564957626602529444e+03,-1.275791479324540347e+02
-7.284062111706090263e+02,-1.257782112009809680e+03,-2.634425833428828696e+02
-7.875024424847842965e+02,-1.619215428569018513e+03,-1.292317072596284504e+02
-7.865678137847773996e+02,-1.463981775939499130e+03,-6.639311605232226157e+02
-7.647441632789871164e+02,-1.370610187197667528e+03,-5.702000303624728303e+02
-1.105429054170896507e+03,-1.695219952543184490e+03,-1.312403255414695025e+02
-1.207755769362934416e+03,-1.633179267082930437e+03,-4.522292919892007035e+02
-1.479307416458826310e+03,-9.324401809472448122e+02,-7.739385250357845507e+02
-9.116256571683544507e+02,-1.693281589154524681e+03,-7.387561065272832366e+02
-1.265932880515990291e+03,-1.621677015354764080e+03,-3.943106792669317429e+02
-8.695750200097324978e+02,-1.252242421489300568e+03,-3.916196103348229940e+02
-1.080693397254801084e+03,-1.215066750587064462e+03,-1.896402213432895945e+00
-1.087175007791085818e+03,-1.631361818355062496e+03,-1.320295784202145057e+02
-1.027431172862950461e+03,-1.310870906251137285e+03,-1.320146157992234919e+02
-1.062152539644617718e+03,-1.355506648784730260e+03,-7.476727837912889072e+02
-9.763697673116798796e+02,-9.520738408698202875e+02,-1.316230126142232280e+02
-8.592825741520167639e+02,-1.537183704816461614e+03,-1.292694874753557599e+02
-1.020015404336202664e+03,-1.077870900582215654e+03,-4.157692579015838987e+02
-1.314609162911677004e+03,-1.597717958995779327e+03,-1.629776351713370985e+00
-7.399285889403894316e+02,-1.703517915747123197e+03,-1.559419150430097600e+00
-6.621353308619856080e+02,-1.388125878379342794e+03,-1.099138219402869026e+03
-9.712997132920149852e+02,-1.392226118086087581e+03,-1.292286953678267025e+02
-9.975487521651697307e+02,-1.456311847698477322e+03,-2.285632893400070920e+00
-1.353088887510115683e+03,-1.570761928016578167e+03,-4.004043377059855402e+02
-7.132034247182361923e+02,-8.989325233688153958e+02,-1.280223664320179466e+02
-9.083066494969949645e+02,-1.449412272591488090e+03,-1.284897659250212598e+02
-7.576061688149579822e+02,-1.491850831403604843e+03,-1.305249171402828949e+02
-8.672196540071757909e+02,-1.554119646636560901e+03,-1.200955316623114610e+00
-7.669293246901879684e+02,-1.605078818324093390e+03,-1.327486831323088268e+02
-7.939810273331038388e+02,-1.530334390722176977e+03,-5.642232934326824534e+02
-1.223641472500857390e+03,-1.126286321602728322e+03,-1.749266384868219575e+03
-1.086343059732915435e+03,-1.449186100541055566e+03,-2.628654569690401672e+02
-9.635274937179399330e+02,-1.486639191346447433e+03,-1.284583646270813517e+02
-8.799659995112435809e+02,-1.698454923665051410e+03,-2.582014144425383506e+02
-9.852876816617978193e+02,-1.611283128626329244e+03,-1.415121847149416467e+00
-6.491695644967676344e+02,-1.285015289370297523e+03,-1.321527563775832448e+02
-9.706372714045068051e+02,-1.618322984459528016e+03,-1.288312921070480854e+02
-1.321459707935560118e+03,-1.582727593670463648e+03,-6.250215284937017941e+02
-7.470907273563979061e+02,-1.652324166404521975e+03,-2.572483233666978890e+02
-9.657387056482331218e+02,-1.614914901324966422e+03,-1.279279549324970958e+03
-1.097304669133488915e+03,-1.388897166084278979e+03,-1.367170109181078317e+02
-7.493215013580307868e+02,-1.455428305008076677e+03,-2.659642180183841447e+02
-1.100641496643916298e+03,-1.622869945957431810e+03,-1.090406923885752333e+00
-8.576112822878102406e+02,-1.517109804070699056e+03,-2.687261915857898771e+02
-8.578620472783776449e+02,-1.637572157888420179e+03,-5.405689517806483764e+02
-1.069396296198093296e+03,-1.496957798259885294e+03,-1.305598372444671611e+02
-1.538461622894149059e+03,-9.094861077331424895e+02,-1.279261931855788532e+02
-9.912434956784366022e+02,-1.617644697280450828e+03,-5.045082450135371914e+02
-7.716501303903379494e+02,-1.444353971965408391e+03,-4.074383401071976891e+02
-8.881543584424559867e+02,-1.337848204292181663e+03,-2.631233806363819667e+02
-8.568438345298170589e+02,-1.431873021261991425e+03,-1.494302851165310031e+00
-7.673603032745116934e+02,-1.302305518150445550e+03,-2.536059176922803147e+02
-1.350011233774137509e+03,-1.295310444420285648e+03,-2.628448483979998969e+02
-1.019926451099996484e+03,-1.548674203348098445e+03,-4.295226699377813588e+02
-1.001994567120663078e+03,-1.430394351413242248e+03,-3.932646332359478833e+02
-1.086234569171042267e+03,-1.333758559053453610e+03,-2.603376019750529053e+02
-1.284887020102761653e+03,-1.451139832224314205e+03,-2.537854791201871478e+02
-1.024802221725131176e+03,-1.626662557744280548e+03,-1.323938094094172016e+02
-8.694497848641599376e+02,-1.711519274342913150e+03,-1.274657994381099115e+02
-9.129679286965956635e+02,-1.404304428729518804e+03,-2.747739359321678307e+02
-7.513574275778258880e+02,-1.381736852992573176e+03,-1.999838319964554190e+00
-9.616951321721238628e+02,-1.633896052307915170e+03,-4.491829926705373737e+02
-9.011666132871848731e+02,-1.254040259148209998e+03,-3.976521455877835933e+02
-8.872662923788568605e+02,-1.575557954068909567e+03,-1.315507760409466300e+02
-9.297997078118388572e+02,-1.713786997694217689e+03,-2.683663847788346857e+02
-1.579294519459785988e+03,-1.612015786892157166e+03,-5.057059678420174009e+02
-1.199234488502911518e+03,-1.592909772881223489e+03,-1.641997772318209854e+03
-9.973995407096390409e+02,-1.352125982987575071e+03,-1.285177266416374948e+02
-7.980794508612864320e+02,-9.046180297362407146e+02,-1.298358912944525514e+02
-1.329214723278056908e+03,-1.522946540086949426e+03,-4.057744795816336705e+02
-7.430631758731727814e+02,-1.590498398245465523e+03,-1.293849560288681459e+02
-7.555268254533465324e+02,-1.634746000840176748e+03,-3.812955585950087993e+02
-1.105003613669228116e+03,-9.604830617080314141e+02,-1.279096256539627632e+02
-1.406648863198012350e+03,-1.620663576027382305e+03,-3.841569990759946904e+02
-9.099770060075300080e+02,-1.614870537723910275e+03,-1.312696026251583703e+02
-8.426524139944240233e+02,-1.315300751371078604e+03,-1.295185792578994892e+02
-7.538640093051581061e+02,-1.635025622017425803e+03,-1.283220044402434326e+02
-7.484200528188913495e+02,-1.698784336221770218e+03,-6.582482108215410790e+02
-8.923486820474222441e+02,-1.582679660206597191e+03,-1.455253595607149464e+03
-8.835517565975885645e+02,-1.496638775214082216e+03,-1.377976191856919002e+02
-1.045485535562682344e+03,-1.671153303144902566e+03,-2.554098818398302910e+02
-8.572501166076189065e+02,-1.256493241348230185e+03,-1.281665432126365829e+02
-8.516806395465564492e+02,-1.437337853517554777e+03,-2.658682119809898268e+02
-9.046031133292435698e+02,-1.371860254253087760e+03,-1.765343832033211356e+03
-8.559357596539524593e+02,-1.413320145412443253e+03,-1.892340497871449090e+00
-7.404992207426009827e+02,-9.386360778647197094e+02,-7.588788503795577123e-01
-8.864738257171059104e+02,-1.480472746500957783e+03,-2.518488183357291916e+02
-1.413892797264960109e+03,-1.617796470152645497e+03,-1.298583441582318585e+02
-8.391219250953187156e+02,-1.599126308242486857e+03,-1.276322247526525757e+02
-7.377128971048842914e+02,-1.623446777063758645e+03,-1.304726574021333363e+02
-1.199198816413275836e+03,-1.558799081529080013e+03,-1.289100426393036400e+02
-7.456383361944253920e+02,-1.518357843312914156e+03,-2.536004679473283261e+02
-1.067355464375627889e+03,-1.570303011153084299e+03,-3.914457055689244385e+02
-1.189806974604368406e+03,-9.094299119592552643e+02,-1.284148960900035945e+02
-7.550502857540617470e+02,-1.617702290960560731e+03,-4.905659351263503254e+02
-7.464720535218976920e+02,-1.489967132596838155e+03,-1.325516645693632256e+02
-8.281742436586145004e+02,-1.366147858590130681e+03,-2.506294533725925930e+02
-7.523284661311733998e+02,-1.634965431173034858e+03,-2.591471818771337325e+02
-8.417973158253549855e+02,-1.524441818601175328e+03,-2.783116848119281599e+02
-8.747987721472570684e+02,-1.700228087035503449e+03,-1.302877677890274128e+02
-9.650413355354673968e+02,-1.363702668358321944e+03,-1.284453712581877767e+02
-1.106317983936891551e+03,-1.177689059413878567e+03,-2.591659572986436615e+02
-7.808772207799027001e+02,-1.477287593619925701e+03,-1.303673540211669604e+02
-8.654419503249494028e+02,-1.581812967597626994e+03,-1.274249114462793955e+02
-1.242513230611766403e+03,-1.715874826586895779e+03,-1.294966513775290764e+02
-9.090847769188141001e+02,-1.706515338768851962e+03,-4.246493015832562037e+02
-7.755097511750312833e+02,-1.218006574051262760e+03,-2.567677649275427143e+02
-9.455929497051317867e+02,-1.614457342646142934e+03,-2.648429533022442115e+02
-8.872135966301220833e+02,-1.700890541173251904e+03,-1.051694897407556482e+03
-8.985724987088048010e+02,-1.263008908640365235e+03,-3.883642062634488070e+02
-1.232666151912810619e+03,-1.656477928601534359e+03,-9.460383646855609063e-01
-1.399467054327325513e+03,-1.697819152011026745e+03,-1.279898347305976642e+02
-8.734839776989482516e+02,-1.401664630374343915e+03,-1.300852618631848259e+02
-6.392702829998361267e+02,-1.525500302545884324e+03,-1.266713895288350074e+02
-8.924990921659133392e+02,-1.562551041485961377e+03,-3.817631053879833871e+02
-1.425687209218619955e+03,-1.200878149632834948e+03,-5.071450594246083483e+02
-7.472493062447138072e+02,-9.065492827082648546e+02,-1.296662143257324260e+02
-1.411241808320817427e+03,-1.603913305867965846e+03,-4.950371145160909236e+02
-8.773936403504076225e+02,-1.484285997422038690e+03,-1.294482382603901840e+02
-1.076481026299001314e+03,-1.369350702744483669e+03,-8.384665516063646464e+02
-7.550928762764009434e+02,-1.281357099229002415e+03,-2.552345469540838394e+02
-8.502888053187872401e+02,-1.608499068972327905e+03,-2.622049374487569935e+02
-1.466575166595775954e+03,-1.654943611427262795e+03,-1.291431535281107301e+02
-7.915338034897727084e+02,-1.390070147308269270e+03,-1.313486846607204939e+02
-7.564395171823467763e+02,-1.249110249902067608e+03,-2.647808088436814842e+02
-8.721092614884282739e+02,-1.357156957632569402e+03,-6.557753825415468807e-01
-8.636063981005697769e+02,-8.922323953854215688e+02,-8.935054970521847508e+02
-1.138967692917457498e+03,-1.572772507343563802e+03,-1.307294585038417267e+02
-5.061634201376593296e+02,-1.518727084236199744e+03,-4.411221664135466654e+02
-1.087062488746986901e+03,-1.605665836273851255e+03,-2.560551879973095311e+02
-1.354796493197916789e+03,-1.511771026095716934e+03,-1.288123317839811648e+02
-7.531401747021670872e+02,-1.519421736885321479e+03,-2.571613552007042927e+02
-1.090051523042184954e+03,-1.707247743351563486e+03,-5.403069879467785768e+02
-9.762846270807451674e+02,-1.546550587678847933e+03,-3.978961527961942011e+02
-1.044834750426838355e+03,-1.702468754208528480e+03,-9.921189064992165241e-01
-9.282709674242365736e+02,-1.500775346721100505e+03,-1.292897377763254099e+02
-8.590176188060218010e+02,-1.504664765109975406e+03,-5.373313423097901023e+02
-9.585985799605281272e+02,-1.644118989221804213e+03,-2.706603722214881032e+02
-1.472813987638087156e+03,-1.504072242989671622e+03,-2.623901891972474232e+02
-1.076864554891633134e+03,-1.707463237375261770e+03,-6.259316385794819553e+02
-1.435855173384248019e+03,-1.391390537341251729e+03,-3.931124114085370138e+02
-8.558627113568882123e+02,-1.292395324878076735e+03,-1.321238341192106134e+02
-1.328811364653696046e+03,-1.554349276504542104e+03,-5.607291103848955345e+02
-7.324863054038783048e+02,-1.502909966467512504e+03,-2.563451271197887991e+02
-1.411450510576387160e+03,-1.455957777095089796e+03,-2.546810506926199480e+02
-9.964010596283455925e+02,-9.347429719882251220e+02,-3.903040635854694642e+02
-9.759846950654118700e+02,-1.557842647235476761e+03,-1.259478748746452936e+02
-8.624740667695939464e+02,-1.399317967654867516e+03,-1.289500534741774231e+02
-8.899643553654111656e+02,-1.394632049469591266e+03,-2.600325758881731986e+02
-9.851025441124787676e+02,-1.704368007551223627e+03,-2.654284621484628701e+02
-8.715278685293504850e+02,-1.688095505250730184e+03,-6.929998436410506057e-01
-1.044678063498779466e+03,-1.545526229777017761e+03,-4.255953908992292440e+02
-1.306912551240295215e+03,-1.518903997631238553e+03,-1.319455657511180107e+02
-9.757962508247928781e+02,-1.444316425283155013e+03,-2.553118733123563970e+02
-8.699141099009897289e+02,-1.635023992651076242e+03,-2.590801734559186116e+02
-8.852008950477668350e+02,-9.172856703308256101e+02,-3.974729865168251308e+02
-8.990325321071676399e+02,-1.518174730863146351e+03,-2.604124295823858688e+02
-6.371092850259112765e+02,-1.646959337748917733e+03,-1.284539070983769875e+02
-1.073592003532228091e+03,-1.305542076098865891e+03,-2.608627918068043527e+02
-8.613354010571092658e+02,-1.588536485674617552e+03,-3.917748245629159101e+02
-8.702279184224576056e+02,-1.629244584298729023e+03,-3.946226615228223409e+02
-1.295501019461755504e+03,-1.219771814120806994e+03,-1.321109396083033118e+02
-1.331091181469052799e+03,-1.459748985166196917e+03,-1.299156810585585333e+02
-6.400318334605742621e+02,-1.701225365643188979e+03,-3.923071534033397825e+02
-1.224217076949258399e+03,-1.494776445855152133e+03,-1.280996470322719176e+02
-7.573815758086128653e+02,-1.489664761442004192e+03,-4.096020696781052379e+02
-9.309758790777607373e+02,-1.624265808805510233e+03,-1.356134578227477732e+03
-9.151037336559452342e+02,-1.599463497739907325e+03,-6.855413270618232673e+02
-9.941128727933969458e+02,-1.497297243009767499e+03,-1.310252516967334770e+02
-1.074645162078710882e+03,-1.599904670114209239e+03,-2.671115328016159083e+02
-7.469995660617934163e+02,-9.452670770832509106e+02,-2.574752379045759767e+02
-8.227320267558485511e+02,-1.697721317846104967e+03,-4.325546382815102220e+02
-6.438217600954001227e+02,-1.351702806815382928e+03,-1.273215439047653348e+02
-1.388401592081326498e+03,-1.643299838836255503e+03,-1.284112515737263891e+02
-9.178305511626336965e+02,-1.690185363840138734e+03,-1.307634152814938773e+02
-7.607950727850197836e+02,-1.619529780216234712e+03,-1.275972028043784121e+02
-8.646126027195778079e+02,-1.357026443457115874e+03,-1.284036199649735295e+02
-9.769062207053947304e+02,-1.703181711904900340e+03,-6.618320023880435201e+02
-8.828891597828271642e+02,-1.573296362636053118e+03,-4.191707830598319902e+02
-7.683662141170140103e+02,-1.507618633522053187e+03,-2.677164998290174367e+02
-1.242276854088908067e+03,-1.250304845936841730e+03,-5.708835409630855793e+02
-7.589866380494332816e+02,-1.491291830446932181e+03,-5.455267366813106946e+02
-8.622134744260029038e+02,-1.019849362409973537e+03,-2.531545649790995185e+02
-1.148228636487279346e+03,-1.476817695782282044e+03,-1.283146702293585690e+02
-1.005030042387380377e+03,-1.616162471502936569e+03,-1.383019099681930868e+02
-8.893534929149301433e+02,-1.608189181571365452e+03,-2.609382483513267061e+02
-1.085846139481794353e+03,-1.590759040655048693e+03,-2.563052150071438859e+02
-8.631330692829424152e+02,-1.245707851632561187e+03,-3.820980930226499481e+02
-1.068119719450091907e+03,-1.598910971616282040e+03,-7.239867383295156555e-01
-9.631547115920157012e+02,-1.194169480501817361e+03,-3.175048669540493584e+00
-1.236322963761768960e+03,-1.607999258091475895e+03,-1.244608290898455039e+02
-1.187280386513613394e+03,-1.507934626271775187e+03,-1.317236177503846761e+02
-8.524257434952910444e+02,-1.513537031227869647e+03,-5.651363900654962080e-01
-8.310659235775718798e+02,-1.301702425885068124e+03,-3.993984559785529882e+02
-7.355927808809748285e+02,-1.626530932009249454e+03,-1.281630495104270722e+02
-9.094963294092523256e+02,-1.358487778446913126e+03,-1.032070259798920642e+00
-1.142637863561438053e+03,-1.682080177551122688e+03,-1.245812038826477561e+02
-7.547921418703155041e+02,-9.062597644483400927e+02,-5.222682693591755196e+02
-9.166587046810089987e+02,-1.696142953235468894e+03,-1.300240910525293145e+02
-1.246964819594677238e+03,-1.529644865708729640e+03,-5.998296140244954131e+02
-1.592954347358004952e+03,-1.640588576986603130e+03,-8.717234698841258567e-01
-1.297246419216446156e+03,-1.690696828754100807e+03,-1.309353406633955501e+02
-5.003677668987637048e+02,-1.199330137866946643e+03,-2.599656335966018901e+02
-1.093304755532419676e+03,-1.716106940119968613e+03,-1.298158522425188721e+02
-9.855720811748622054e+02,-1.704778745840970032e+03,-5.670198593888543428e+02
-9.757232241452165908e+02,-1.375406796610223182e+03,-5.931914830675996120e-01
-6.380717572654821197e+02,-1.686506212135802571e+03,-1.318183402129254773e+02
-1.091580449727970517e+03,-1.460918812411052841e+03,-1.277398177082065160e+02
-1.412251821549094757e+03,-1.584916081347313366e+03,-1.243424574392496567e+02
-9.693389520765429097e+02,-1.550482240866922439e+03,-9.593791481857203962e+02
-1.435170906314763897e+03,-1.271881923880162049e+03,-3.733559176475320669e+02
-1.044392977889096528e+03,-1.635916486791965553e+03,-4.263581840170638202e+02
-1.354221195703489457e+03,-1.335649689323092389e+03,-1.220689811490348831e+00
-6.199995488152517282e+02,-1.604849964143089437e+03,-1.256188732011301141e+02
-1.348469140715577396e+03,-1.610156414187181554e+03,-1.277964601233056072e+02
-1.030816819689622434e+03,-1.640295827613771735e+03,-3.992894278851695162e+02
-1.246075489707684710e+03,-1.522285653412584452e+03,-1.292257240937653933e+02
-1.344899155524092521e+03,-1.613005615983016696e+03,-2.863334879551185281e+02
-1.155685694519884919e+03,-1.701150095802082433e+03,-1.115638861227026712e+00
-1.011982298839469536e+03,-1.601104580980745141e+03,-3.880266859996722815e+02
-8.740415837658886176e+02,-1.413846663224208896e+03,-2.717520488441737143e+02
-7.936511504223464044e+02,-1.529536424197872066e+03,-1.279577098099026387e+02
-8.894707782094296817e+02,-1.531735221820026482e+03,-1.224710358462055240e+02
-1.072933587410300106e+03,-1.668147723124038521e+03,-1.197114695605690713e+02
-1.189181766920235532e+03,-1.335541768323219003e+03,-2.493349639957474437e+02
-1.091990017749788649e+03,-1.640159618636545474e+03,-1.269000303808954015e+02
-1.272029904265845289e+03,-1.707346175603754091e+03,-3.562781336831157546e+02
-8.489123217202507021e+02,-1.463794719369456971e+03,-1.255561600062875272e+02
-7.522376140423185689e+02,-1.707884595094691804e+03,-2.486183558445089261e+02
-1.142461935952862859e+03,-1.469024679734673782e+03,-7.193627051113758171e+02
-1.251264232643596870e+03,-1.376474994062066116e+03,-1.281495976026139658e+02
-1.227697393728806219e+03,-1.598606590595213902e+03,-1.323467585578534909e+02
-1.089598490751025111e+03,-1.325673933045045487e+03,-1.259767081863224831e+02
-1.493928179622977495e+03,-1.288699069105977969e+03,-2.605625763025650485e+02
-8.733043828628439087e+02,-1.608980921917069281e+03,-1.092213867658033521e+00
-7.693554568425511206e+02,-1.631048753884925873e+03,-4.186730921463602044e+02
-9.184473676482771225e+02,-1.490048828581421049e+03,-1.306336137269182984e+02
-7.529851494581922680e+02,-1.387991081335589797e+03,-5.001686598436257896e+02
-7.579766067439672952e+02,-1.539523162862738218e+03,-2.502601758216377732e+02
-7.677432934511888334e+02,-1.671261560090908688e+03,-1.303928751659102545e+02
-9.517529847378752947e+02,-1.505125217703973476e+03,-6.479219126305800769e-01
-7.414271551491525543e+02,-1.619701924526419816e+03,-2.569544262550882650e+02
-8.724258028035806092e+02,-1.506839228150056897e+03,-3.892169896913762273e+02
-9.547530181792662916e+02,-1.461513402481423554e+03,-1.299046268948273450e+02
-9.965075856073488012e+02,-1.141574150832634587e+03,-2.620630149957786443e+02
-1.237673532380278402e+03,-1.448970477751740873e+03,-3.991361430594165540e+02
-8.764270438876524167e+02,-1.424279369383226594e+03,-4.142288061369105208e+02
-8.441007755371357462e+02,-1.704029307157813264e+03,-2.603252617698724976e+02
-1.098832621829913933e+03,-1.535842029769399005e+03,-2.416215745107886335e+02
-7.634114890415173704e+02,-1.598217849797465306e+03,-5.224250167055731753e-01
-6.406269081369864580e+02,-1.392128737746224715e+03,-4.180318005074336156e+02
-8.886342706330990495e+02,-1.581710074923396860e+03,-2.591733349636343746e+02
-1.279441353405359450e+03,-9.054820766295005114e+02,-5.256777215006604820e+02
-8.865285007822901662e+02,-1.598254489859429896e+03,-5.864730463953942490e+02
-1.208502673735551525e+03,-1.694822894843880249e+03,-2.645159798537359279e+02
-1.071161313386298616e+03,-1.391643091240588546e+03,-1.330882306968287310e+02
-5.668405049257432893e+02,-1.535318934706916480e+03,-4.097126407636966974e+02
-8.667137954116935816e+02,-1.647179115565368193e+03,-7.184581401977500059e-01
-9.088626849625351269e+02,-1.440090897382135608e+03,-3.709363915882373703e+02
-1.339676364594670758e+03,-1.618825738609278233e+03,-4.390860582095153859e+02
-9.813280474268722173e+02,-1.519406344243494459e+03,-1.286504528519184305e+02
-8.870874266491006210e+02,-1.532085652079859983e+03,-1.322476647975063599e+02
-1.201987684671995567e+03,-1.651476633812361797e+03,-1.296018978648091320e+02
-1.197954025270913007e+03,-1.630245376778234686e+03,-1.353028408288149933e+02
-8.758612475128509232e+02,-1.360104675807227977e+03,-2.650382560343072100e+02
-9.496012177457256485e+02,-9.054867722699316346e+02,-1.276700465574847385e+02
-1.346146491685231695e+03,-1.404251036631631223e+03,-5.717434326903272677e+02
-8.753824975427098707e+02,-1.518684558541780007e+03,-4.041410006559794397e+02
-8.986673986966595749e+02,-1.395572304071907638e+03,-5.952715808057704407e+02
-7.565820265955137529e+02,-1.337260071860951257e+03,-1.275898424274825942e+02
-1.197309524367111180e+03,-1.333378297528963230e+03,-5.147869313623774588e+02
-8.252164923779713490e+02,-1.604639245953759200e+03,-1.499518562901051233e+00
-9.793446598112753918e+02,-1.432574080106759311e+03,-1.259801717178510785e+02
-9.550156114469853037e+02,-1.568993961107657469e+03,-1.297076532380126821e+02
-6.313476241148988493e+02,-1.630100641309051070e+03,-1.289104852238110652e+02
-9.001792354882383052e+02,-1.651024890744544336e+03,-1.302131460450163161e+02
-1.132960183013236701e+03,-1.148530536859912445e+03,-6.006146101724715303e-01
-1.323698874147840115e+03,-1.560275771047445232e+03,-1.526637522034637186e+03
-7.443018871763853213e+02,-1.652474805706478264e+03,-4.393073870074421166e+02
-9.661080878433292582e+02,-1.617971397916051728e+03,-4.168989486446693036e+02
-7.875944415206786289e+02,-1.619011356385030695e+03,-7.419970340375664497e-01
-9.775914681195025651e+02,-1.364485028745518093e+03,-1.268250284660074385e+02
-9.919472418072850814e+02,-9.427142332939486096e+02,-2.678646567355411889e+02
-1.209498390521628608e+03,-1.425796328095730587e+03,-1.273448483413355348e+02
-7.487231252895594480e+02,-1.405684007945560552e+03,-2.600747700706731962e+02
-7.620422005948856849e+02,-9.515633704090491847e+02,-8.017773614239051767e+02
-8.784147483524335485e+02,-1.548397171191561938e+03,-1.280506813163043205e+02
-1.025523561038553908e+03,-1.450524449592574456e+03,-2.631886946619335390e+02
-8.912736714551946307e+02,-1.674331547112565659e+03,-3.922123891723465476e+02
-7.635045456894786184e+02,-1.319639516551626684e+03,-2.748006190100938966e+02
-9.698199707670858061e+02,-1.350765392448667171e+03,-2.696670523868359055e+02
-8.680212328571155922e+02,-1.696157304671219435e+03,-1.290344897850606003e+02
-7.930473388029195121e+02,-1.532124455520602169e+03,-8.707600247141853060e+02
-8.906128803268104548e+02,-1.226405890442951659e+03,-2.542455511152843144e+02
-9.108959388441736564e+02,-1.683770575766037155e+03,-2.698797738021077066e+02
-1.422326241081991157e+03,-1.625747783368434284e+03,-1.267385343481201545e+02
-8.952852696892280164e+02,-1.599935432478817575e+03,-1.288189607856801047e+02
-9.909195926735150124e+02,-9.277917934493023040e+02,-4.116679205931304750e+02
-1.395621893114242539e+03,-1.504218658722692908e+03,-1.286436715073103301e+02
-9.012898728148896907e+02,-1.696030106356116448e+03,-1.285864186446928557e+02
-9.676783474621009873e+02,-1.313996109937904293e+03,-1.273288551891029670e+02
-9.737185077716982278e+02,-1.567685622892594438e+03,-4.053920234741619879e+02
-8.586861830655369658e+02,-1.649665338909224147e+03,-1.176105439187093982e+00
-1.098511652278714791e+03,-1.710078338146012811e+03,-3.813291713018321047e+02
-1.328194595493700263e+03,-1.414974415016570219e+03,-2.668368630030843178e+02
-9.578698069578745162e+02,-1.444668033506017764e+03,-2.562048123743975339e+02
-1.095361097184896153e+03,-1.297710187099501354e+03,-2.525032742659177245e+02
-7.338356113440811441e+02,-1.625025556745497170e+03,-1.284504121360405691e+02
-5.170489492745092548e+02,-1.502404077653006880e+03,-1.473092028082232829e+00
-8.978841657474371232e+02,-1.711552680411007032e+03,-1.320702211724979236e+02
-1.238326824187226521e+03,-1.443378672214719018e+03,-1.269716274488996248e+02
-9.837568793427967648e+02,-1.474722202027273170e+03,-1.285211528958633664e+02
-9.751041805168189285e+02,-1.594099277097895310e+03,-1.262101648262931235e+02
-9.017096038440356551e+02,-9.131222260455245987e+02,-3.828809235934312483e+02
-1.106406972319003444e+03,-9.307044133551639788e+02,-3.975574532639404879e+02
-8.050351314718922140e+02,-9.018039697659829699e+02,-1.293910666802668175e+02
-9.949112901594958203e+02,-1.656531867661487468e+03,-1.311283575836452258e+02
-1.351354072302967325e+03,-9.072371255285002007e+02,-1.276750881119952794e+02
-8.717337972364023244e+02,-1.632464479426359048e+03,-2.729560080825548312e+02
-1.061218299894919028e+03,-1.630096277351078243e+03,-1.265762768935782105e+02
-1.137302355890268700e+03,-1.554150825429359202e+03,-1.289765180498796724e+02
-8.932492481108246238e+02,-1.394819612916238157e+03,-1.393496281200334863e+02
-8.957664425965410828e+02,-1.385831689395724197e+03,-1.252751956290243243e+02
-8.992269452468716509e+02,-1.699362703156521320e+03,-6.372276760018622781e+02
-8.813193575965883610e+02,-1.360504891839806533e+03,-8.043047691529128240e-01
-7.626477040328788917e+02,-1.485980547282411180e+03,-1.244035223604183358e+02
-9.269114260937868721e+02,-1.701438231811674086e+03,-2.508069995853720400e+02
-1.072746173915447571e+03,-1.723116323303101808e+03,-3.866129162908326862e+02
-8.946628316801987921e+02,-1.705897351367737883e+03,-1.268683700815398367e+02
-1.045748400760204504e+03,-1.696706295734436253e+03,-2.547918018027878873e+02
-9.988336750663530665e+02,-1.363277634879656716e+03,-1.281734237323125569e+02
-1.023210429308493076e+03,-1.327669065069292174e+03,-3.980580564313045784e+02
-1.281231817949088281e+03,-1.354364131877423006e+03,-1.235467054341200139e+02
-7.516423434098455800e+02,-1.597982569166582152e+03,-3.716089450253881523e+02
-7.346670714269141627e+02,-9.581601392541771247e+02,-1.273692560788908139e+02
-9.762485286915431288e+02,-1.670133309698591120e+03,-3.882808271575977415e+02
-9.631118983044433435e+02,-1.557573014083729049e+03,-2.608518219761932642e+02
-8.629600824246460888e+02,-1.342448836104421389e+03,-4.612251783689579270e+02
-9.501558205701805946e+02,-1.683048071527555749e+03,-4.235607366378576444e+02
-9.826554615555435248e+02,-1.247181011687773434e+03,-1.262150495205478222e+02
-1.087499134095409090e+03,-1.390977539100617378e+03,-1.302335069579401079e+02
-1.096432264370871735e+03,-1.375119633154198482e+03,-1.262138235808363618e+02
-1.299499168030002465e+03,-1.420574741535487647e+03,-4.543741697449201524e+02
-1.023681781144852380e+03,-1.495082113343097944e+03,-1.303464637851727161e+02
-8.688229861752644183e+02,-1.514254186008364513e+03,-1.556915626082259905e+03
-1.235909143569334901e+03,-1.541836317482881668e+03,-2.610507619788660350e+02
-1.483602075038650582e+03,-9.098211249672245913e+02,-1.300729863661355239e+02
-6.401030609268505032e+02,-1.379841847226322898e+03,-2.617210133497408151e+02
-7.657849034616847348e+02,-1.623088630950381230e+03,-2.692043330154694445e+02
-9.693627223764476639e+02,-1.318029163118215592e+03,-4.000646984354136748e+02
-7.683775109302290502e+02,-1.554601923791015906e+03,-1.279864234491733299e+02
-7.527131559997567365e+02,-1.601243359978942408e+03,-2.759867233844931320e+02
-8.963758454491526209e+02,-1.579142423724526452e+03,-1.288776122987748636e+02
-1.339785945756203319e+03,-1.440408953324581262e+03,-4.196528852319347607e+02
-7.410016692242412546e+02,-9.352986146825246578e+02,-4.042526005375152067e+02
-8.332504083592516508e+02,-1.388871942618285175e+03,-1.302705126600459948e+02
-1.318314346847510933e+03,-1.621845550342437491e+03,-1.985773519792299213e+00
-1.383932309753291293e+03,-1.605162466490645329e+03,-2.112390239078241638e+00
-1.199822310125817239e+03,-1.643822507420351485e+03,-4.320405606916193619e+02
-1.360038595305047693e+03,-1.303030261934405871e+03,-4.307459766306235451e+02
-8.738838570636841041e+02,-1.491567016769301745e+03,-8.123690913535158709e-01
-9.068714318722009011e+02,-1.651500602717444508e+03,-1.288177145207068008e+02
-1.137030482653230365e+03,-1.291897357581227197e+03,-2.044668318936487594e+00
-9.505507571289288080e+02,-1.602999017518059190e+03,-2.470449785962968292e+02
-8.901447465568027155e+02,-1.702637237539341641e+03,-1.307431401681641887e+02
-9.997430699486202457e+02,-1.605799953509585976e+03,-1.283420032450176222e+02
-9.841364339003699797e+02,-9.072062535463372797e+02,-2.940857879065575275e+02
-1.389179113741018682e+03,-1.357377735611958542e+03,-2.684534162463938856e+02
-1.498384617951569453e+03,-1.624105171682803757e+03,-4.237669412505539412e+02
-1.130877300112849071e+03,-1.413703919938267290e+03,-2.573235267436887739e+02
-8.415431832928971971e+02,-1.541910120591850273e+03,-7.611791600294747013e+02
-8.581012300490016287e+02,-1.694721358807941215e+03,-1.330049417786777326e+02
-1.091104981459239525e+03,-1.627215346415479189e+03,-8.836390008629509794e+02
-8.792662610569296930e+02,-1.631501662619197987e+03,-1.471423499582653676e+03
-1.367713657016756088e+03,-1.621460824749353833e+03,-2.645397969630501507e+02
-9.436717652084324754e+02,-1.554378850832095850e+03,-1.284934737909937041e+02
-7.605564955455827203e+02,-1.561553150132140672e+03,-1.918028202752729117e+00
-9.563184645148118079e+02,-1.270922166168973718e+03,-1.281161265775645859e+02
-9.419231081959798075e+02,-1.412877550577748252e+03,-1.299739385345737332e+02
-7.663952228505174844e+02,-9.132988444672587320e+02,-1.326237302516672116e+02
-1.368816134709301423e+03,-1.595348815418765980e+03,-5.213648474712475718e+02
-1.282522700195019524e+03,-1.489060026856579725e+03,-1.253439887171739571e+02
-1.034532102482897926e+03,-1.476927056429082995e+03,-1.304041322229599871e+02
-9.010818113748418909e+02,-1.697326141930042240e+03,-1.293522110869528774e+02
-9.968617774933385363e+02,-1.710925197594191332e+03,-6.008872857547042923e-01
-8.775318147552179653e+02,-1.605798959841545638e+03,-7.658234887455611215e+02
-9.008048246370206016e+02,-1.502063468341686303e+03,-4.884237103557837827e+02
-1.056004922906386355e+03,-8.947755802074881331e+02,-2.718926843790802081e+02
-8.894844317831283433e+02,-1.688163850620309859e+03,-1.282562392162556080e+02
-1.692029787454972848e+03,-1.491098451222971335e+03,-2.497858288045422057e+02
-6.072748084189754536e+02,-1.487808079773286181e+03,-1.287255848824424334e+02
-1.455640554726476921e+03,-1.405725999254878161e+03,-2.595978584069554813e+02
-1.008810837470524348e+03,-1.621577567973051828e+03,-1.301153153955421260e+02
-1.040926866801818733e+03,-1.511699756903297839e+03,-1.265260099591626215e+02
-8.839923879803956197e+02,-1.222437850932230958e+03,-2.469920771309054146e+02
-7.409125209157589325e+02,-1.664959639043152492e+03,-1.225522305133031296e+02
-1.046543514611366845e+03,-1.492899804408278897e+03,-3.818588708520642854e+02
-1.171036643641765977e+03,-1.507163587885472225e+03,-1.429085279385022833e+00
-1.084375439258377128e+03,-1.454985325409948700e+03,-1.275033273428340266e+02
-1.249561554211708199e+03,-1.587161925625465756e+03,-1.301485721548077947e+02
-7.745292627568256876e+02,-1.407023866361146702e+03,-1.272512056806572645e+02
-9.882672090961206095e+02,-1.600553964794306694e+03,-2.497546217126894135e+02
-1.482384041832984849e+03,-1.634584915008875441e+03,-1.252458281132416857e+02
-8.686242194012472737e+02,-1.652234683929814537e+03,-1.283411944789967833e+02
-1.289780452810456836e+03,-1.402453725155425673e+03,-1.291946845680242859e+02
-1.466201407488046925e+03,-9.202632634253455990e+02,-2.140864327710436665e+00
-9.110553400520036575e+02,-1.624361663863458716e+03,-1.227901343088564516e+02
-1.685725057853016551e+03,-1.414693079126108159e+03,-5.176794184148311615e+02
-1.060895491587835522e+03,-1.146916266046766168e+03,-2.482664467862910840e+02
-1.123455187905135745e+03,-1.268901174358952858e+03,-1.284787447861295959e+02
-1.155109194339391024e+03,-1.602027033693616886e+03,-1.278373256632600032e+02
-7.537451151367771445e+02,-1.351643248629674872e+03,-2.488751919295204686e+02
-9.084811415727995154e+02,-1.627674230987448027e+03,-1.209405595006898437e+02
-1.072812142023374236e+03,-1.443730825822470933e+03,-5.419452500341313907e+02
-1.334780747980246588e+03,-1.713414752878032004e+03,-7.120525654950282668e-01
-1.052751768547587062e+03,-1.472124302798745020e+03,-2.590125014405283537e+02
-1.213853663667693127e+03,-1.581588042323978470e+03,-6.334571854248609579e-01
-1.147865181408777971e+03,-1.457736003404973417e+03,-1.293985895320128918e+02
-8.055918452534033349e+02,-1.612949431381297700e+03,-2.688235736445433872e+02
-1.338676981010024065e+03,-1.706494845006931428e+03,-2.588194064683883653e+02
-8.380760109383766121e+02,-1.612583977165893657e+03,-5.322774519701270037e+02
-1.382163260770428906e+03,-1.333908469250504595e+03,-1.506497400811138732e+03
-1.124019399188980969e+03,-1.529470953782982178e+03,-1.249995423446023182e+02
-1.101351626086203396e+03,-1.509887885308326759e+03,-5.978718511013626085e+02
-1.123253620168655061e+03,-1.434731722365771930e+03,-3.991342828380811056e+02
-1.187337675877050060e+03,-1.523447061312878986e+03,-1.337539961493974374e+02
-1.543026518590376782e+03,-1.329030468791925387e+03,-4.988407232612207736e+02
-1.344136721549950380e+03,-1.696513792436312087e+03,-3.950317765960038514e+02
-1.170153116093583094e+03,-1.354893360588383302e+03,-4.450068003427461463e+02
-1.344742168103496624e+03,-1.699959823295730303e+03,-2.764779011902855359e+02
-7.595785426198895038e+02,-1.366144556315957061e+03,-1.312458529923606818e+02
-9.743716075645552337e+02,-1.451415927392772574e+03,-1.299913041659752082e+02
-9.056916802509866784e+02,-1.663914372004280494e+03,-1.316040384980596230e+02
-8.576183634530572135e+02,-1.697281880115367358e+03,-1.300016014743499397e+02
-1.193688929572021379e+03,-1.273947313342171583e+03,-5.486125415956555571e+02
-7.576172278027612492e+02,-1.420711746479523072e+03,-1.302495557275904332e+02
-1.399448636484412418e+03,-1.586606242818125111e+03,-1.115125086656302301e+03
-9.678939665828308989e+02,-1.645626885864630822e+03,-1.286855487991783491e+02
-1.238932922430839199e+03,-1.709214642703205300e+03,-1.415402836149108445e+00
-7.515116950111151937e+02,-1.631754648252646348e+03,-2.498834200324558310e+02
-1.318416398667784961e+03,-1.612278797947931253e+03,-1.308159319293667977e+02
-1.605507188094542471e+03,-1.548517936844757969e+03,-1.313543028441035290e+02
-9.529610360108106306e+02,-1.568963051019823752e+03,-1.294851792664024117e+02
-8.160715171044782892e+02,-1.344727317104979193e+03,-1.309973184474131358e+02
-1.106183212428164779e+03,-1.708177218769747924e+03,-2.632698196497394179e+02
-8.987951867180103136e+02,-1.392886050053275994e+03,-4.551899203647942045e+02
-8.665427829813261269e+02,-1.590020396553108185e+03,-1.269116005986371976e+00
-1.268039052880376175e+03,-1.530343108252704496e+03,-5.256564302062380420e+02
-9.250667909428384519e+02,-1.636337639360429421e+03,-2.535548613807476102e+02
-8.876073579671942753e+02,-1.709697786362070474e+03,-1.311790012205284484e+02
-1.210166817150915222e+03,-1.299927262555582274e+03,-4.256299611719886116e+02
-8.621859715176852887e+02,-1.397946413442656649e+03,-1.322391569887177809e+02
-9.607811480571419906e+02,-1.474567831398537692e+03,-5.260114052118799464e+02
-1.003927282705449784e+03,-1.532966951911529122e+03,-1.289464155870233810e+02
-9.685255773146598131e+02,-1.174740317407741031e+03,-2.676723288344340972e+02
-9.868764487556998120e+02,-1.646299351100484046e+03,-1.292464864440262033e+02
-7.591339101148788586e+02,-1.270381193359919735e+03,-1.262033281470462498e+02
-1.425091139618604757e+03,-1.437948009459472587e+03,-2.653782953196137555e+02
-1.121398065282285415e+03,-1.645659914151051225e+03,-1.308232099069285255e+02
-1.205014941252685276e+03,-1.612371040937064663e+03,-3.815372929757004954e+02
-1.393205238733836495e+03,-1.356071600449676907e+03,-1.240371589178019036e+02
-8.608473253056438352e+02,-1.579544256668656544e+03,-5.764167591849163728e+02
-1.321179564040940704e+03,-1.634282638704765986e+03,-8.897552912521863391e+02
-1.407331619735285130e+03,-1.626634041791071013e+03,-1.040153770226386776e+00
-9.417345192216537271e+02,-1.710255395726672759e+03,-4.207902431340903036e+02
-1.075802627489812039e+03,-1.521682106564680225e+03,-9.109877147236471462e-01
-9.383961749907558669e+02,-9.116283344835633216e+02,-1.913775777570257333e+03
-9.278386902262262765e+02,-1.610015564927286050e+03,-5.302711237036556895e+02
-8.817616701260940317e+02,-1.632407113962321318e+03,-1.288982075031675265e+02
-8.771960203201176682e+02,-1.624846547610346988e+03,-5.763987968089869582e+02
-1.000960347933092521e+03,-1.708599326039060543e+03,-1.308940636571690277e+02
-6.493019778291866260e+02,-9.669709944986151413e+02,-5.988421659585034149e+02
-1.466201151212626428e+03,-1.507304404087124794e+03,-6.695997832766248381e-01
-1.024127137091420309e+03,-1.650138776472453401e+03,-1.303726041729451595e+02
-9.950371461865624951e+02,-1.499275641881731190e+03,-1.305805341001986903e+02
-8.562256684103715543e+02,-1.534411867370082291e+03,-1.751336368358270557e+00
-1.231008887422302223e+03,-1.624138715696953795e+03,-2.571363605628981759e+02
-1.469648780701935493e+03,-1.370037876696574131e+03,-2.642631943073744765e+02
-9.702030812984834256e+02,-1.624492888854195598e+03,-1.307042041136330681e+02
-9.921958736970403834e+02,-1.704071329139523414e+03,-2.505091989924127631e+02
-1.328704144771978690e+03,-1.409232697078591400e+03,-1.273239693325506465e+02
-1.070791012863237938e+03,-1.631898897827209794e+03,-1.294971845927404672e+02
-1.046115946776292049e+03,-1.499230720981325931e+03,-1.289431762746849586e+02
-1.371980566682780363e+03,-1.591516269184787689e+03,-2.642205603091677517e+02
-1.465756421514819294e+03,-1.524562006519912984e+03,-8.792033010955746022e+02
-1.062304137041769309e+03,-1.579400427312923057e+03,-1.315121284974602531e+02
-1.074737993476002885e+03,-1.485424241217427152e+03,-6.334228059640657875e+02
-1.090383847139853287e+03,-1.333236180824451594e+03,-1.282340897810906029e+02
-1.377314371999903187e+03,-1.371302933509434524e+03,-1.147354179452213202e+03
-1.097791799332104347e+03,-1.472975694577416334e+03,-1.313059852501774003e+02
-9.023761997762995861e+02,-1.545230780776880238e+03,-1.321355955446880728e+02
-9.702491560042710717e+02,-9.071171521685658945e+02,-1.195335173347940412e+02
-1.206708024528915530e+03,-1.642659209629970292e+03,-1.308642675245553448e+02
-1.083766492842718435e+03,-1.502169496811053932e+03,-4.494620388229801051e+02
-1.088476097088438792e+03,-1.703986848262646390e+03,-2.566586433515453223e+02
-8.986653248768964204e+02,-1.595192761807078796e+03,-1.297012369409973189e+02
-9.108721358549237266e+02,-1.599183151909406206e+03,-6.287578691734945551e+02
-7.792990020007825933e+02,-1.621883270312202285e+03,-1.257731072499090175e+02
-6.456916134919863453e+02,-1.570179603838732191e+03,-1.286013023639623327e+02
-1.265364050717505961e+03,-1.337413960946827274e+03,-1.232897771464520815e+02
-1.195485111090873488e+03,-1.620263298506414912e+03,-1.248084219519356708e+02
-8.866354513887671374e+02,-1.601063617281303550e+03,-1.306607354551779281e+02
-1.098367401618007307e+03,-1.606526490378935705e+03,-1.328810002772299015e+02
-1.534121611248168392e+03,-1.547366271855770947e+03,-1.271464547372490728e+02
-1.115143613682003206e+03,-1.628573028562445643e+03,-1.301883566575934310e+02
-1.470946877285193523e+03,-1.275230396076631450e+03,-1.359855294747515302e+02
-1.377949773637554017e+03,-1.701426719695231441e+03,-1.330888782998619604e+02
-1.078604716206062221e+03,-1.458391834638981209e+03,-1.328968152732229839e+02
-8.456280971130830721e+02,-1.638682662837371936e+03,-1.198507823604722091e+02
-9.088755785435927237e+02,-1.624287037825561583e+03,-2.533189154061921329e+02
-1.094643651490676120e+03,-1.579480158237641945e+03,-3.935441790478406574e+02
-1.319946592378011701e+03,-1.599088845832801326e+03,-4.019727653865866159e+02
-1.001453278007733729e+03,-1.372791897683427578e+03,-1.291218036282229775e+02
-8.588650890054444744e+02,-1.577058755974811220e+03,-5.326060349945674943e+02
-9.056625175354639623e+02,-1.695521921652300307e+03,-1.206462779082444285e+02
-8.978581607508510842e+02,-1.209936737495386296e+03,-1.218400639419122342e+02
-8.929960946385421039e+02,-1.435192392184894743e+03,-5.641037330950614548e-01
-9.382059837675545850e+02,-1.221616092659747892e+03,-6.402209876938457001e+02
-1.487241778617473074e+03,-1.514241861610198612e+03,-2.501815945853242908e+02
-1.020783269927955416e+03,-9.218956229767935611e+02,-1.304090077786364361e+02
-8.698563201313156696e+02,-1.365260994351196132e+03,-1.596948224764591417e+00
-9.814804472514562121e+02,-1.484401630775944113e+03,-1.824078695885750445e+00
-1.353040485216336265e+03,-1.610724838944445310e+03,-6.843680365043327356e+02
-8.942870554190030816e+02,-1.629216668587746199e+03,-1.284125498413016260e+02
-9.214107899259341821e+02,-1.322641062193838707e+03,-1.320766953532861123e+02
-7.135866373163889875e+02,-1.665259474813198722e+03,-1.258620830771750718e+02
-1.362887200652375213e+03,-1.263779480294305358e+03,-2.504441905760183715e+02
-7.730580169629622560e+02,-1.236979252517475516e+03,-3.870310433031227717e+02
-7.946836910999953716e+02,-9.118917389295669409e+02,-1.290234178253035395e+02
-7.466631987579659153e+02,-1.434465954266060635e+03,-2.651721171286188792e+02
-1.085388698533412708e+03,-1.694571766227103581e+03,-1.285452147025097247e+02
-7.643725113115247041e+02,-1.610412472178882808e+03,-1.266526190273250876e+02
-1.074801081874964893e+03,-1.192532049049278385e+03,-2.707714182598290904e+02
-1.180001855650192510e+03,-1.380982317858324677e+03,-2.558330201196576184e+02
-9.865799225653008762e+02,-1.635279183786161184e+03,-5.048167895039733510e-01
-7.558966364333388128e+02,-1.313337962092471116e+03,-1.306149954890149161e+02
-9.538674149919995671e+02,-1.698439960859444000e+03,-1.164506061834003736e+00
-1.090389693048784011e+03,-1.356528915090542796e+03,-4.181991447746980839e+02
-1.229556760922691410e+03,-1.633920185794217105e+03,-4.952838412425284673e+02
-7.592541993992873586e+02,-1.653744863017190937e+03,-1.298908983347787114e+02
-8.743174410780598009e+02,-1.629483506690762852e+03,-1.267306500260525581e+02
-1.192204707771904395e+03,-1.608980232206035225e+03,-2.659215003169819056e+02
-8.620932486004636530e+02,-1.360623436901009427e+03,-1.322555367575948821e+02
-8.390972178419750662e+02,-1.617142264949799937e+03,-2.811159921213612165e+02
-1.217353288481889876e+03,-1.649142688758881377e+03,-1.308475978075548198e+02
-7.955863574390197073e+02,-1.703281378857775508e+03,-1.261816971860585852e+02
-7.638161768024734783e+02,-1.592041211171398800e+03,-7.411121116534706061e+02
-9.839649112461975164e+02,-1.377877238168670374e+03,-1.237255018380306240e+02
-8.663225117374535102e+02,-1.642460591568252539e+03,-4.342123197215058212e+02
-1.091273095623552990e+03,-1.550596502717308340e+03,-1.135803068718245186e+03
-1.180588262481619040e+03,-1.403067933623464114e+03,-4.939678760780852329e-01
-7.545143524934067045e+02,-1.220552502576851793e+03,-2.624322492838266498e+02
-1.135765551460722691e+03,-1.610014627036825004e+03,-2.816584952269550968e+02
-9.635680935550431059e+02,-1.686482458715857774e+03,-5.543923131853214272e+02
-1.453141032528897540e+03,-9.063142114135437168e+02,-2.563608253780692507e+02
-1.395874213104309774e+03,-1.609168429148545329e+03,-1.281266373822108164e+02
-9.637069854149152661e+02,-1.695457205934163539e+03,-1.281713807945409371e+02
-9.067458721268392310e+02,-1.645917213746972038e+03,-1.294626302020112973e+02
-1.096486268695331773e+03,-1.625246702163372674e+03,-1.765871904625199477e+03
-7.968238157179769132e+02,-1.618563964562924411e+03,-1.337271622160660627e+02
-1.063602764367447435e+03,-1.561389913239237785e+03,-1.270462267057684329e+02
-1.161476060789014127e+03,-1.473167061314609327e+03,-2.576165809720021684e+02
-7.680740531545351359e+02,-1.354141517184815484e+03,-1.285515818081790371e+02
-1.487229334486921744e+03,-1.630418201959914313e+03,-1.030837967192212091e+03
-9.799572532197367991e+02,-9.003934562578481291e+02,-5.509701605571952996e+02
-1.013459168917431839e+03,-1.367620218385695580e+03,-1.326565185532920452e+02
-8.591814307858395523e+02,-1.229590994947342551e+03,-2.587258431424227183e+02
-9.081239561494742247e+02,-1.604666842250329182e+03,-1.274020910021434645e+02
-1.445428921053103522e+03,-1.552854806450087835e+03,-2.848590220097856331e+02
-1.062731140074450650e+03,-1.568820530718256805e+03,-4.348085428915669013e+02
-1.159860777289442467e+03,-1.695924374738152665e+03,-1.288076051104494582e+02
-9.773660814653354691e+02,-1.701833436599965808e+03,-1.296693723186968725e+02
-1.023920527596871352e+03,-1.640191494002618811e+03,-1.258518571766068703e+02
-1.634412886601619903e+03,-1.495458962051966182e+03,-1.331945376836776518e+02
-1.066595788485567255e+03,-1.254727211986786415e+03,-2.529026419585427163e+02
-6.378503356563962825e+02,-1.410771607974875906e+03,-1.319630388125282536e+02
-1.023884369660226866e+03,-1.431039821760004770e+03,-3.941057792921711780e+02
-8.986555577240990260e+02,-1.560331457357683576e+03,-1.278105997037742867e+02
-7.618273981503350569e+02,-9.033866126176500302e+02,-1.038688440925383594e+00
-1.130676422984686496e+03,-1.595294480969458618e+03,-2.510396245055870850e+02
-1.114960746233546843e+03,-1.644428125072624880e+03,-1.313690209456188143e+02
-8.473497131495670374e+02,-1.242064524813237313e+03,-1.234218590112569132e+02
-1.187012822620429461e+03,-1.616891197058515218e+03,-1.274420067582577900e+02
-8.613513443696240302e+02,-1.638902453767511815e+03,-1.334296346015936763e+02
-1.207837045865824621e+03,-1.471624565424357797e+03,-2.831883523664829454e+02
-1.095430521626832387e+03,-1.398151894751086729e+03,-2.753486306370502348e+02
-1.041468778705939940e+03,-1.537333564709507073e+03,-1.298314085528090800e+02
-1.059356660863902334e+03,-1.458472217174730076e+03,-2.465048978551037884e+00
-1.020523148934417350e+03,-1.079295762500694309e+03,-6.039300357720140955e-01
-8.954165797349835429e+02,-1.426420874713959392e+03,-1.276759464727212929e+02
-1.185019076018430951e+03,-1.567566623552990222e+03,-1.293352159181950185e+02
-8.777595114629644968e+02,-1.630478233897844802e+03,-2.864029382144174747e+02
-9.567848321068788664e+02,-1.699474644211673422e+03,-2.450144676335174267e+02
-1.287659362837824119e+03,-1.146506105171812351e+03,-1.281999729452816439e+02
-1.194723083357046789e+03,-1.452821281569071061e+03,-6.059315406030075790e-01
-9.899392976025250164e+02,-1.378927351920901629e+03,-2.737147349361874831e+02
-1.296767814893637706e+03,-1.588102783720472871e+03,-1.283157293060632753e+02
-1.083769531151568344e+03,-1.405708423472946379e+03,-3.802890521732543903e+02
-8.648666487274390420e+02,-1.619015276206014050e+03,-5.617492833621628279e+02
-8.945134846792573171e+02,-1.487115122438954813e+03,-5.645614229818304297e-01
-1.118044646871253008e+03,-9.179900761305201513e+02,-1.281654542909177223e+02
-8.173635729315413982e+02,-1.619147411316426769e+03,-3.260387698309713755e+02
-1.220599732945670894e+03,-1.475820019073398271e+03,-4.398382726781689485e+02
-9.970095309525536322e+02,-1.712642521658083524e+03,-1.316019991890340748e+02
-1.073338305863599544e+03,-1.710796039635230045e+03,-1.305212958080061583e+02
-1.106449950156080376e+03,-1.627650928980348226e+03,-1.299652059514987172e+02
-8.739158899503551083e+02,-1.386970727766111395e+03,-1.335392255869880671e+02
-9.723584368151181252e+02,-1.630983120371989799e+03,-2.625652580698071006e+02
-1.089378249874161611e+03,-1.270852834091807608e+03,-1.277243596309106124e+02
-9.684680308236752353e+02,-1.705060352677834089e+03,-1.249503554650477923e+02
-1.089133143589098836e+03,-1.640593670785683571e+03,-3.946971359605415159e+02
-1.038696979941230666e+03,-1.324339845725509349e+03,-1.272947903916015377e+02
-1.240680948139854308e+03,-1.506586205805506097e+03,-1.560350839656139897e+03
-9.882084145288106356e+02,-1.461333553386800077e+03,-4.831470800257816904e+02
-7.679032808658934073e+02,-1.701470289495167890e+03,-1.238951562728516933e+02
-9.658698492824308914e+02,-9.055728796385245687e+02,-1.284770438213025443e+02
-7.451047396429371474e+02,-1.452033234891073107e+03,-5.845850170108579658e-01
-9.551531154104936832e+02,-1.427462430365488899e+03,-1.468290806363354932e+03
-1.525912732540382649e+03,-1.710124936977048264e+03,-2.713333778325937260e+02
-9.719129991521483589e+02,-1.700866736318044786e+03,-5.216157193929153664e+02
-8.373824475440071637e+02,-1.470174487633781837e+03,-2.720796554410252952e+02
-1.298615539228369244e+03,-1.560195953573231918e+03,-1.175116793048294417e+00
-1.372731538977775926e+03,-1.706592210167355233e+03,-5.277270400507595696e+02
-1.018901800054626733e+03,-1.610389129986936723e+03,-2.561530902349512075e+02
-9.164855482562655880e+02,-1.259725890862305050e+03,-1.261541299230353985e+02
-8.451275395137242867e+02,-1.572821985073949691e+03,-1.238344890038591188e+02
-8.347617302441725542e+02,-1.229832345644321094e+03,-1.260406366926514465e+02
-9.046885821317322325e+02,-1.417286219673993173e+03,-1.188294611075826310e+02
-9.044190566863649110e+02,-1.605788387644673776e+03,-8.695790338815553469e+02
-8.944919774293607588e+02,-1.704987957392874023e+03,-1.280743269175145258e+02
-9.774328621866743561e+02,-1.396609493199110375e+03,-1.305288656688464073e+02
-8.925534774963418840e+02,-1.504339449153343821e+03,-1.268415705594153167e+02
-1.080402205308278781e+03,-1.692660144155788430e+03,-2.510838636337078071e+02
-8.582019348481682073e+02,-1.459447438316128682e+03,-6.261754082586069581e-01
-9.498652411815403411e+02,-1.584421128548315210e+03,-7.347830074513750560e+02
-8.944453986488489363e+02,-1.706487408833521613e+03,-1.321544984357317844e+03
-1.341407794712381929e+03,-1.613914151578921519e+03,-5.684304484304180960e+02
-1.024116861460796599e+03,-1.629276400391527659e+03,-1.282353844300004084e+02
-9.743693280796031786e+02,-1.595920951224344208e+03,-1.252914524754844905e+02
-9.008833517724539206e+02,-1.429575497869993342e+03,-1.325582385124790221e+02
-7.844722207783349859e+02,-1.711267863496432028e+03,-2.675385381644769609e+02
-1.533939509950809907e+03,-1.700982854416978853e+03,-4.247477970546108281e+02
-7.151816467177741288e+02,-1.475441843119529040e+03,-3.874467402892635164e+02
-1.096549158157778265e+03,-1.618659781855678830e+03,-1.258900279290591442e+02
-7.383760791183456149e+02,-1.608043501389606035e+03,-4.403587659168524056e+02
-1.348850721774918156e+03,-1.600261334052126131e+03,-1.215958440239383975e+02
-6.249584621246300458e+02,-1.173625045731937234e+03,-2.661988396732889441e+02
-1.074702620543093190e+03,-1.688050229263462370e+03,-2.645052504630810404e+02
-1.343484653477244137e+03,-1.646326237572104674e+03,-1.471723733116541366e+00
-1.107540230312957419e+03,-1.296375578883337084e+03,-1.265176366218763491e+02
-9.343756798037807130e+02,-1.619470205308287177e+03,-3.124670259960337830e+02
-7.611296312391094716e+02,-1.280930833975946143e+03,-1.332179483046609789e+02
-6.306219770814798267e+02,-1.376671667556504872e+03,-1.216674085552558182e+00
-1.035690123754206070e+03,-1.642595457703724151e+03,-3.972378685130328790e+02
-7.768372912610866479e+02,-1.566007546723365749e+03,-2.636263539246386358e+02
-9.754270366706084587e+02,-1.613168598257746908e+03,-1.269768309222904605e+02
-1.062433027941653108e+03,-1.626317094831100349e+03,-3.910059310163160831e+02
-6.305201027698828966e+02,-1.612430322234561800e+03,-1.235735358165085813e+02
-1.010565423136084178e+03,-1.291908889467034214e+03,-2.728453906201589234e+02
-1.099917765635529122e+03,-1.507254202285115298e+03,-4.000400441535213076e+02
-8.560323047839522133e+02,-9.053332773465716627e+02,-4.098635750416208339e+02
-8.229677707716022041e+02,-9.580303658462614749e+02,-4.089444299377647098e+02
-9.224815383482373363e+02,-1.629425772538986166e+03,-6.456203604168008496e+02
-1.325441352561588019e+03,-1.628180658216379925e+03,-1.336078412633160042e+02
-7.544442465078230953e+02,-1.423134966676599788e+03,-1.301480711840138440e+02
-9.144584221470668126e+02,-1.667121900261157180e+03,-6.237222307868948974e+02
-1.194011458081036153e+03,-1.284898448377198520e+03,-1.259175450516284229e+02
-9.924405086066624335e+02,-1.496245925009248367e+03,-1.299336924698336873e+02
-9.849141982367383434e+02,-1.529765339946787208e+03,-1.214443084268722686e+02
-8.835513597348087842e+02,-1.595552198798643531e+03,-6.178385588736771297e+02
-8.606035405482581382e+02,-1.279522111867476951e+03,-1.280056509578067505e+02
-1.105790272065444242e+03,-1.571822654786025851e+03,-3.648544511411213875e+02
-1.510446136373052468e+03,-1.235083116611723653e+03,-5.621018560586860531e+02
-1.122585447588154011e+03,-1.336442311905822180e+03,-4.802238800412923183e+02
-7.480379418771027531e+02,-1.616569092264214532e+03,-1.241077302187564584e+02
-1.296686569319477258e+03,-1.279038194011130599e+03,-1.797579468142759652e+03
-8.546149758326960182e+02,-1.422531897028361527e+03,-2.481455683083860890e+02
-1.298294158831932464e+03,-1.429908380362096977e+03,-1.322982696272744931e+02
-8.818306540061856822e+02,-1.606151477428122462e+03,-1.276728538986201329e+02
-7.573938775235588992e+02,-1.649648749590603757e+03,-1.337378631440707011e+02
-1.000537338843179441e+03,-1.604958358058706381e+03,-5.391359192572530219e+02
-9.011763218054620665e+02,-1.487757010722635641e+03,-2.544050212544317731e+02
-8.770579360254632775e+02,-1.593898516422854300e+03,-1.325122193479974726e+02
-7.828738890576493077e+02,-1.621787519508323612e+03,-4.400917701923405616e+02
-9.605077979355944535e+02,-1.604333457493786000e+03,-2.487651473732813656e+02
-1.025497376806991952e+03,-1.470913057605354879e+03,-1.251124718920858498e+02
-8.943465216953395611e+02,-1.296940172114098004e+03,-2.638954881049461960e+02
-1.212857192489281488e+03,-1.594734273372643202e+03,-8.455479494758615377e-01
-1.056652546270744551e+03,-1.653616145473549750e+03,-4.191413940000381899e+02
-9.614786487807032245e+02,-1.665433219663074851e+03,-1.305296209007569246e+02
-8.720920950362755093e+02,-1.420677614668590877e+03,-1.373468164591409106e+02
-9.113511252494166683e+02,-1.614037719031417737e+03,-1.244976804168354505e+02
-1.368822092854914899e+03,-1.374037611911163822e+03,-1.230698445860166004e+02
-1.101579857341293064e+03,-1.634250549712688553e+03,-2.590743227415503611e+02
-1.595511027375289359e+03,-1.648011981800268359e+03,-1.295160005748611454e+00
-9.816298803931908878e+02,-1.458682543428848930e+03,-1.319433589781468470e+02
-1.109080801991114640e+03,-1.407318365041077641e+03,-4.307484848563603919e+02
-1.517625459221213077e+03,-1.513104396313393636e+03,-4.860066447579944224e+02
-1.404872842560889694e+03,-1.682672129169194704e+03,-2.541325855198423653e+02
-1.120398417367945967e+03,-1.611164424015367331e+03,-1.295059895718359542e+02
-1.395846878325173975e+03,-1.636897559678209291e+03,-1.295908605922030858e+02
-1.042099238026261219e+03,-1.619548957918294946e+03,-1.311814681321416742e+02
-1.111819570443332623e+03,-1.507463582729846394e+03,-1.298423172276976629e+02
-1.079161274735059806e+03,-1.678909434992939168e+03,-5.906614839008605031e+02
-1.185965030801624380e+03,-9.016702370780460569e+02,-2.706829389393598717e+02
-1.120334050105881488e+03,-1.490999888481680500e+03,-2.644673343253090252e+02
-1.009110667900714475e+03,-1.626638550568361779e+03,-4.504088598478889480e+02
-1.240965940331991305e+03,-1.639524114232342072e+03,-1.247726986075223863e+02
-9.551496433314886190e+02,-1.633810852076173205e+03,-2.740711231044252827e+02
-1.116600636502964790e+03,-1.461517707043784867e+03,-1.277582299003452846e+02
-1.350773796354867727e+03,-1.690248625474361688e+03,-8.906148060184880251e+02
-9.926523343782746451e+02,-1.640361480598401613e+03,-2.530410554510847874e+02
-8.896702652531035937e+02,-1.351048992128723967e+03,-2.580391497972682942e+02
-1.035423932848440700e+03,-1.599226052004671828e+03,-1.300704563113897620e+02
-1.081932380156750696e+03,-1.480755536346323652e+03,-2.743679315722887395e+02
-1.325376322482459727e+03,-1.319295990972100071e+03,-2.838329812898883233e+02
-1.121437723410479521e+03,-1.551906860823726220e+03,-4.828212575692727455e+02
-1.140736718795315028e+03,-1.654121871093783056e+03,-2.011586198578235951e+00
-1.244825920575940245e+03,-1.485130607036287074e+03,-1.658308513314094457e+00
-1.267629330474341714e+03,-1.331082890274704596e+03,-2.445611479123048468e+02
-9.957166736662532003e+02,-1.323369814243037808e+03,-4.437051518073478178e+02
-1.367290245235875773e+03,-1.685421043962037402e+03,-5.844823947807159525e-01
-1.000419098779110982e+03,-1.682175763890828875e+03,-1.296611519171685529e+02
-8.944943847681369107e+02,-1.348037117654902659e+03,-2.544031066079008667e+02
-9.779322642302964823e+02,-1.639636565126446840e+03,-1.126943094825530567e+00
-7.670979513040185793e+02,-1.614378383283727771e+03,-3.046774450862333339e+00
-1.429187478549869866e+03,-1.412245681636393329e+03,-7.903789716994991110e-01
-1.312192934438704924e+03,-1.167032967488746181e+03,-2.529998298463360413e+02
-1.246854419440914171e+03,-1.308675932616779619e+03,-1.539306956506213737e+03
-9.601015272355616617e+02,-1.704305229161210946e+03,-1.239158174683137759e+02
-9.971343864133252737e+02,-1.453618601280413714e+03,-2.518034229355306195e+02
-1.061395410755906369e+03,-1.375470667726493275e+03,-3.636928658498641553e+00
-9.128037826080487775e+02,-1.661979785352236149e+03,-2.548205441479661886e+02
-1.112191902087588460e+03,-1.700545446683001956e+03,-1.316199569242426151e+02
-1.134317923144390761e+03,-1.271433394526603706e+03,-1.316644017487866449e+02
-9.205077557609241694e+02,-1.693434262481270935e+03,-1.316776292253857434e+02
-1.019338039675341747e+03,-1.638246706783940681e+03,-1.298260542976996419e+02
-8.587677758094368983e+02,-1.695401312391612464e+03,-2.646152551210087154e+02
-9.037223277292413286e+02,-1.545524418707367658e+03,-8.086668113083923117e+02
-1.442877868231831599e+03,-1.708464747062115975e+03,-5.137506571676156000e+02
-1.032667254058431126e+03,-1.428026250803476387e+03,-2.709960690261751211e+02
-8.823872290887100007e+02,-1.574710541409528332e+03,-5.308089444884367367e+02
-9.974360162753007444e+02,-1.368931763151635550e+03,-1.285704952673746391e+02
-1.045198581682351914e+03,-1.566834747083141792e+03,-2.646303126743251255e+02
-1.636884886717292147e+03,-1.624536916893382568e+03,-4.158221431102159613e+02
-7.478451281566757416e+02,-1.543676830334411761e+03,-1.301294168926933139e+02
