-1.729234319821681311e+03,-1.365674826116443683e+03,-1.203706104950640793e+03
-1.643185924400015438e+03,-1.297307380030175864e+03,-1.202275239258853844e+03
-8.870931663583100999e+02,-1.126304344318630001e+03,-1.573147276114133319e+03
-1.440081451032781843e+03,-1.657362600182779943e+03,-8.597073756233540962e+02
-1.657765808171853678e+03,-1.263470751327359494e+03,-1.277224634761835887e+03
-1.826031745205772722e+03,-1.209234773933703764e+03,-1.458690892813637674e+03
-1.549733687697083269e+03,-1.349272622661165542e+03,-1.506428744358595395e+03
-1.420210676313509794e+03,-1.421595177313026852e+03,-1.342871310839518628e+03
-1.808019735650169196e+03,-1.344238544047004780e+03,-1.520260108741470503e+03
-1.293121875043880436e+03,-1.476558232502183046e+03,-1.472103590448801924e+03
-1.192961288331941205e+03,-1.591139739661835392e+03,-1.511899360065167230e+03
-1.454550488182401978e+03,-1.634106552603499267e+03,-1.634674556574926555e+03
-1.720905924420330621e+03,-1.480168512224596498e+03,-1.537251900377736092e+03
-1.685479818090819890e+03,-1.534132669273005149e+03,-1.480739629306408233e+03
-1.173058107441838501e+03,-1.557518366322885186e+03,-1.402639165938881661e+03
-1.265605086230410734e+03,-1.291194983302723813e+03,-7.969477234500209306e+02
-1.167077138734505070e+03,-1.566633035420902161e+03,-1.561064254420453153e+03
-1.405566044755249777e+03,-1.102539991683702510e+03,-1.064812171200928333e+03
-1.039171851879631959e+03,-9.250592710363139304e+02,-1.135705097747635818e+03
-1.058949968391860693e+03,-8.891147669075692761e+00,-1.574196469180171334e+03
-1.135359656567328102e+03,-1.400385901073220566e+03,-1.366172829589025014e+03
-1.089890396602430883e+03,-1.289776947666900696e+03,-1.396947638311736682e+03
-1.173588361414889960e+03,-1.415732974682570557e+03,-1.254490288043122064e+03
-1.488555873284752579e+03,-1.228409838731845866e+03,-1.232215590303545923e+03
-1.287719060530966772e+03,-1.206228130789610304e+03,-9.568240164972773982e+02
-1.216377059552287619e+03,-9.774706942011986257e+02,-1.163388171003541629e+03
-1.134766858357912497e+03,-1.037609351072840354e+03,-9.398263410456063838e+00
-1.019352776396666286e+03,-8.531889753235311673e+02,-4.091525724408191422e+02
-9.355646501798360077e+02,-6.566788993900642026e+02,-1.185101277439202704e+03
-8.377850959831587261e+02,-6.876720397486935781e+02,-1.027134527729356478e+03
-8.651722398156008467e+02,-2.648696743607731037e+02,-4.574941718051090334e+02
-1.092459767433505704e+03,-2.574537237497485194e+02,-6.512132722506556775e+02
-1.157855063309625393e+03,-1.346554745390617427e+02,-1.371221137013803855e+03
-1.023899820135841765e+03,-3.918351187500643960e+02,-6.706337904690025198e+02
-1.039982657590223425e+03,-4.089294974984067608e+02,-2.011234522246664991e+00
-1.017516357157860853e+03,-5.256713948939036527e+02,-4.067910258508831021e+02
-1.125920791288368036e+03,-1.297618689618475400e+02,-8.430309345518161308e+02
-9.927517544949669173e+02,-5.237987089506802931e+02,-2.690931425783276723e+02
-1.503988872952613065e+03,-2.562336337565221243e+02,-3.884815792792130082e+02
-1.035504422737510822e+03,-2.667810108743961450e+02,-9.197572375764025310e+02
-1.138976408472197363e+03,-4.305288969862294266e+02,-2.558401557562935977e+02
-1.419330741770154191e+03,-1.307504026463262790e+02,-2.731806467546187278e+00
-1.160379123449724148e+03,-3.898266097900806813e+02,-7.411669398715739590e+02
-1.221592234177412365e+03,-3.917067059689836697e+02,-1.346895157426853586e+02
-1.327793851677932935e+03,-4.252228459088989325e+02,-9.583540328449955723e+02
-1.132125413578289908e+03,-2.518762506752208878e+02,-1.310402528148609633e+02
-1.135299922210973818e+03,-5.184027319632435820e+02,-8.095184021943349535e+02
-1.365746245791357069e+03,-5.121210171027464639e+02,-6.942862387353310396e+02
-9.857804390169602584e+02,-3.899925530854905560e+02,-2.573142243270536369e+02
-1.024249845424651767e+03,-2.572361577088882996e+02,-6.796826119073903101e+02
-1.020096705696145591e+03,-5.117717462590658215e+02,-1.299964827575380184e+02
-1.102345730196014074e+03,-3.997527623083672665e+02,-2.646357911760045454e+02
-1.235995549623055695e+03,-5.136662948382253262e+02,-4.117924100031576131e+02
-1.011814320386086251e+03,-3.947687866256846405e+02,-1.334083554197615342e+02
-1.313858018715688786e+03,-6.765120850814706728e+02,-4.371663333523343908e+02
-1.079855700898739087e+03,-1.329468311561922462e+02,-3.889563124843046467e+02
-1.140735019923982691e+03,-4.664796388622738164e+02,-2.635841267930291565e+02
-1.125661037535153582e+03,-5.334686406683129007e+02,-2.607788089223431598e+02
-1.036077183836670429e+03,-4.955465592536961026e+02,-6.518920054635725592e+02
-1.248361100653205767e+03,-4.073142448336362804e+02,-1.275636945988430426e+02
-1.215394310034172804e+03,-1.341172201436355351e+02,-2.665533717348980645e+02
-1.320521044259483460e+03,-2.986863644793210870e+00,-4.798470543323469997e+02
-1.024144514494884561e+03,-7.622857856169638353e+02,-4.155641150703683593e+02
-1.194465567512224197e+03,-1.329769483534437313e+02,-1.290131661208859839e+02
-1.038677145635404941e+03,-6.141934008574161226e+02,-2.600428138740159056e+02
-1.209162072735272659e+03,-1.286773267281023152e+02,-1.373899993022645845e+02
-9.892656118986611773e+02,-2.664731994748025272e+02,-1.299149615232682606e+02
-1.032461282609955560e+03,-2.630707002082715462e+02,-1.312013068758723762e+02
-1.478261013384953003e+03,-1.338167719587179363e+02,-2.689276316564095168e+02
-1.125849146528534220e+03,-1.367129552101808372e+02,-4.338909366141568853e+02
-1.193924240885906102e+03,-1.319139000402295778e+02,-1.358478521943346209e+02
-1.058771617080834631e+03,-1.316050206651542567e+02,-2.727089245283103196e+02
-1.285308268827415532e+03,-1.316282880679194704e+02,-1.304594325835929283e+02
-8.840005089237668017e+02,-3.997606069912441740e+02,-1.304485454021610167e+02
-1.048603632135999987e+03,-8.269115693438596963e+02,-1.310260062155049070e+02
-9.141391264505621166e+02,-1.347439169891063386e+02,-1.319118626598308310e+02
-1.144195730105658413e+03,-6.078646719994478644e+02,-1.328984590825776024e+02
-9.746311182938644606e+02,-2.646320399082163135e+02,-2.711368011281988970e+02
-8.530788655690843143e+02,-2.625340726597431740e+02,-1.300956993576175478e+02
-1.038110533944892950e+03,-1.308631766751702514e+02,-1.327303888611134255e+02
-1.048456111503519878e+03,-4.202321250167317999e+02,-2.618382521863493366e+02
-8.860563530836864174e+02,-5.317214457707057136e+02,-4.379702600272464679e+02
-1.346379855348440515e+03,-3.967676837426326415e+02,-1.675523793263834493e+00
-8.882157603971207891e+02,-1.286818581293827037e+02,-1.303919391139564254e+02
-1.492286944911441651e+03,-2.665481430674565217e+02,-4.972008406391869357e+02
-1.203459217453593737e+03,-2.731613771356117581e+02,-2.119373150388130789e+00
-8.547376084182016029e+02,-2.563482291000709097e+02,-1.318835188035257886e+02
-9.937734798594037784e+02,-1.310200627613842244e+02,-1.515516656420867321e+03
-1.014033239372452726e+03,-2.623773704052617290e+02,-4.074097719621264559e+02
-8.589910672939529377e+02,-4.497766594457368683e+02,-1.307155454683561970e+02
-1.079753297191396086e+03,-1.304030101427945283e+02,-1.986021963376710442e+00
-8.473056067971996299e+02,-1.304152869243260966e+02,-1.328756094669379593e+02
-1.078573004404106314e+03,-1.328713771659510030e+02,-1.340892079978875131e+02
-1.405625768645480093e+03,-3.873236896988074704e+02,-2.631887309789115648e+02
-9.649161961777138004e+02,-1.336039327562418748e+02,-5.005927591797748732e+02
-1.023867858761005095e+03,-1.314946263786764860e+02,-1.312072497410875087e+02
-1.087146284552831048e+03,-1.312742511696037582e+02,-1.502399756439645850e+00
-1.008239842169342182e+03,-2.679336142909298246e+02,-1.315338814710124211e+02
-1.192623700842039398e+03,-1.297879639108898857e+02,-2.724292684373654652e+02
-7.704831377867740230e+02,-4.005862486154912858e+02,-4.014135790457651183e+02
-8.870900039332215101e+02,-3.225938049865147761e+00,-1.302387143759997912e+02
-9.636053789065474575e+02,-1.301220883428537434e+02,-1.284668769011566667e+02
-1.164475997213698292e+03,-1.285779922143708518e+02,-1.317325513512304553e+02
-1.259951273704943787e+03,-3.857981583100132639e+02,-2.689638329033923014e+02
-7.896691382628922611e+02,-1.296798623080591994e+02,-2.756517495551614161e+02
-8.824777368606609116e+02,-1.662313326131984015e+00,-3.791084894271240273e+02
-7.648108541203207551e+02,-1.324225249920910414e+02,-1.287953753191546014e+02
-8.580735132520198931e+02,-3.226573628300065000e+00,-1.315958183770854930e+02
-8.646175424465772039e+02,-1.320006981439319418e+02,-5.182088154942449592e+02
-1.179871052533290822e+03,-1.312611189309051269e+02,-4.184936095687057218e+02
-1.232927032369609378e+03,-1.958928452172743695e+00,-1.299508082560470825e+02
-9.691120107214204609e+02,-1.320360694731950275e+02,-2.648348753858198279e+02
-7.649258830964271283e+02,-1.319419891180521347e+02,-5.004245703128746072e+02
-8.519641201296240069e+02,-1.300911746128931838e+02,-1.332992497631168760e+02
-1.395669835974083071e+03,-1.305935799570774236e+02,-5.499080913686832446e+02
-1.186963567534096001e+03,-5.580110680270810235e+02,-2.617354250733728804e+02
-1.340106938164814210e+03,-3.802185700257118697e+02,-1.306160687528391975e+02
-1.217438819023956057e+03,-4.033196812014920170e+02,-1.422806167867621596e+00
-9.664198837119874952e+02,-3.862368617686343555e+02,-1.282892910410369325e+02
-1.556812942575060788e+03,-3.804536135255161184e+02,-1.282002750318952167e+02
-1.014139612298953807e+03,-1.304860506952365711e+02,-4.167927845529712272e+02
-8.580793316096708168e+02,-2.746335067475628389e+00,-1.342265034282795000e+02
-1.310208121500409106e+03,-4.296009584015159248e+02,-1.282519024405906691e+02
-1.576989334252213666e+03,-1.901252838933004563e+00,-2.578956451475232825e+02
-9.665838988192817851e+02,-1.285183417780737045e+02,-1.289200994956224235e+02
-1.320746202635805957e+03,-3.857378474945867879e+02,-1.901938099389369308e+00
-8.731189972577348044e+02,-2.526516518904823272e+02,-4.012269521899117422e+02
-9.594878550592941338e+02,-1.300752343207080912e+02,-1.287516740604971517e+02
-9.689835128130334851e+02,-2.597378687492658287e+02,-2.803524383513748148e+02
-9.746294446051584828e+02,-2.704547174373930147e+02,-1.298620223467555377e+02
-1.078968130421302249e+03,-2.447110193774352904e+00,-3.825597792046358450e+02
-1.324574873244873970e+03,-2.684419145058135996e+02,-4.072706933333880102e+02
-8.469675806228023021e+02,-4.659168192860848876e+02,-1.310287596903153258e+02
-8.798036182801104133e+02,-2.858977880825003037e+00,-3.664922339899619352e+00
-1.077223721645872047e+03,-1.410140496830982082e+00,-2.650111765973428533e+02
-9.842593390678437117e+02,-1.276748528795071849e+02,-1.402272635865755568e+00
-9.783296866873674844e+02,-1.307169920759868944e+02,-1.345480772578088988e+02
-9.857635488087551039e+02,-1.331146060218582932e+02,-1.380355657750618832e+02
-9.824591684451055471e+02,-2.749238335483713058e+02,-2.570663287016373033e+02
-8.518147277821135503e+02,-3.980227667354438950e+02,-3.543592649461978681e+02
-8.692657819737263480e+02,-3.148597519124264554e+00,-2.138496639451725301e+00
-1.303411722672135056e+03,-2.550106553837225078e+02,-1.337951393030934923e+02
-8.871657351537838849e+02,-1.284771538797805022e+02,-1.348972683820369980e+02
-1.172078818685488386e+03,-1.301308015336339281e+02,-3.970423328956759974e+02
-9.598878617636997888e+02,-2.625762760150933559e+02,-2.626310763855296386e+02
-9.724795768686137762e+02,-1.317794600155962996e+02,-1.324811950296937653e+02
-8.694277750358625099e+02,-2.557887300431630990e+02,-5.177959018009837564e+02
-8.192826065575333132e+02,-2.604022974024795758e+02,-1.345506731924890573e+02
-7.209199274365033716e+02,-1.282218147529985686e+02,-1.305317216449318494e+02
-1.058832516883160906e+03,-1.322009825454338454e+02,-3.794890912048170435e+02
-1.373380589045131728e+03,-2.624291969998273544e+02,-1.293675213813124287e+02
-9.555289309666641202e+02,-2.788607941496412082e+02,-2.942571263846448346e+02
-1.096828191093257601e+03,-1.268558003073266320e+02,-1.325094085100247696e+02
-8.320230389323590998e+02,-3.754681899926662254e+02,-2.623664947125450340e+02
-8.821876052014226843e+02,-3.884736116157441188e+02,-2.682584242785870856e+02
-1.071805085163910007e+03,-4.328606816179511725e+02,-1.300829879498533330e+02
-8.725201143470501393e+02,-1.901119241944549509e+00,-1.276177351157163429e+02
-8.514614764570997067e+02,-3.802205238183943834e+02,-1.300897980322966134e+02
-1.028980246258986654e+03,-1.274701649255044060e+02,-1.283262749401863516e+02
-9.760996371932684497e+02,-1.297583010125748615e+02,-2.550215055549084582e+02
-1.097528812736360578e+03,-2.535992930241311853e+02,-1.290201296066682630e+02
-9.589426426462705422e+02,-2.655843774023354626e+02,-1.336585893063333685e+02
-8.646694574222267420e+02,-1.316659468207814996e+02,-3.927719709458645525e+02
-7.803390498730883564e+02,-3.924328015506562792e+02,-1.590692189034048631e+00
-9.988530424860097128e+02,-1.578724825528648124e+00,-5.259676409526806538e+02
-1.316419268633990214e+03,-1.347742771565078783e+02,-2.719940196098762044e+02
-1.183169871242807631e+03,-1.432424830822333961e+00,-1.603429338133662618e+00
-1.090802064985070956e+03,-2.541772335606900981e+02,-1.315128257849942202e+02
-7.472885540486271339e+02,-1.305216039612268730e+02,-3.832738313981155329e+02
-9.938843205093261304e+02,-7.078444444038713073e+02,-1.298855999635258911e+02
-1.205733601183569590e+03,-1.288703533581104921e+02,-1.284134708474902027e+02
-1.123653709003134736e+03,-1.319150738987522118e+02,-1.710869303166012045e+00
-8.510123690156054863e+02,-1.316830873176934062e+02,-1.294271581141890124e+02
-1.077213179644799538e+03,-5.571119354892406363e+02,-1.298246412737400988e+02
-1.336600828089795186e+03,-1.317152106778747225e+02,-1.311262600386970973e+02
-1.225440167207437980e+03,-1.464483494011979303e+00,-1.310838123409236573e+02
-7.824176639049009054e+02,-1.527137524242390354e+00,-4.290580537987881371e+02
-1.213811866400432791e+03,-3.802246733475566316e+02,-3.180691806769495997e+02
-1.125179338849862916e+03,-2.642271645771700719e+02,-1.789036581535788484e+00
-9.090657296782997037e+02,-1.323822943967781782e+02,-1.306220858405120850e+02
-8.681470511266023777e+02,-1.269183416701319231e+02,-3.846900173244257530e+02
-9.152342371132303924e+02,-1.319091207534096100e+02,-2.654313931161242976e+02
-1.193000500011265103e+03,-1.518228967841336726e+03,-2.547467520258701086e+02
-1.048314792024170629e+03,-2.566698120675387713e+02,-2.807826137937618682e+02
-1.267398462818160851e+03,-2.659434623406324931e+02,-3.748678964573277881e+02
-8.865453679351032861e+02,-1.920004883316405397e+00,-1.316521824771572824e+02
-1.236011588559350912e+03,-1.927367192056753442e+00,-2.600001490633154617e+02
-1.160592456615202309e+03,-1.336291371433910058e+02,-1.298575912864239683e+02
-9.112038655133510474e+02,-1.340812351086379977e+02,-3.715043839930049785e+02
-1.197579039959349984e+03,-1.276287848948530836e+02,-2.506301365300543011e+02
-9.745168323905743364e+02,-1.274543046401413022e+02,-2.240302369882360978e+00
-9.771600713395705498e+02,-1.321667385984613645e+02,-1.436745613092105689e+00
-1.480427856271932114e+03,-2.516346198699487218e+02,-1.359120059636331064e+02
-1.442449326405522697e+03,-1.345361182544238829e+02,-3.920656952121687482e+02
-8.655145321189421566e+02,-2.518129229932206101e+02,-1.321499447080483094e+02
-1.108676746113466606e+03,-2.648286220897528551e+02,-1.287828115462157257e+02
-9.940367606739754365e+02,-2.587006090807650480e+02,-1.549558610879251397e+00
-8.372638565479506951e+02,-1.342107574385691748e+02,-4.015201622941114579e+02
-9.925339693589354511e+02,-3.768333557060096837e+02,-2.581054686112329932e+02
-7.921150513863333344e+02,-4.879697251993280815e+02,-3.031850452462206817e+02
-1.030380221508187560e+03,-2.573976315378696427e+02,-2.662601538580813099e+02
-1.104159182703692522e+03,-3.627294677451531584e+02,-1.280112981928610623e+02
-1.545597845662575310e+03,-2.681077648103080833e+02,-2.598620085152548427e+02
-1.457272942682126768e+03,-1.294274390922556677e+02,-1.310032746060334148e+02
-8.628557300955224036e+02,-1.288730522876951454e+02,-3.040620577446626616e+00
-9.474591766742942127e+02,-2.555323538476104375e+02,-2.558552533584338562e+02
-9.771660308226166762e+02,-1.311806482093675754e+02,-2.690524751195713975e+02
-8.686369142598673534e+02,-1.264282702979204913e+02,-4.153415589192485982e+02
-9.938133896293184080e+02,-2.560394370320458393e+02,-1.769172967589732526e+00
-9.202168693993268107e+02,-1.297630206336692424e+02,-1.294671595737229666e+02
-1.094936182791372175e+03,-1.309647724434592533e+02,-1.309364247053356394e+02
-7.570351830972247171e+02,-2.988704936978536466e+02,-1.332242936715565804e+02
-1.130183747466837758e+03,-1.291059723830532562e+02,-3.732455475296715690e+02
-7.501698294718271427e+02,-2.863852344817943845e+02,-2.821104087594700331e+02
-8.641273209800374389e+02,-1.321812263703526469e+02,-3.721221256216018674e+02
-1.362726223920908069e+03,-5.701107056417394006e+02,-1.365803660685760406e+02
-8.624728763131359983e+02,-2.676293063113816402e+02,-1.300998807009120526e+02
-1.116322673926074231e+03,-2.573671217219618370e+02,-1.319390823010476765e+02
-8.641190534223918576e+02,-1.274172659769298832e+02,-1.313503390343386741e+02
-1.435405891295034962e+03,-5.391096221862976563e+02,-1.295040286264234908e+02
-1.085500240012372842e+03,-1.286705577499760125e+02,-1.318536624772152379e+02
-7.514138291151192561e+02,-3.973985200839401273e+02,-2.615549360596009478e+02
-1.023705128046037316e+03,-2.672512697754755209e+02,-1.279243069140036084e+02
-8.671448919270628721e+02,-1.291160228546160340e+02,-1.316687805370390265e+02
-9.958763084850600080e+02,-4.917807571067978074e+02,-2.548346219415714131e+02
-9.757554726249563828e+02,-1.290965505041906454e+02,-1.278700775010959205e+02
-1.504119369330231393e+03,-1.306451050234500997e+02,-5.480332698253445187e+02
-6.353928943577734572e+02,-1.334018360461773511e+02,-2.782113422550805240e+02
-7.594719218314313594e+02,-1.319875284016071930e+02,-3.977263260679507653e+02
-8.887829090836985415e+02,-2.695410486262287577e+02,-1.501897790934142218e+00
-1.232732350642322672e+03,-1.289898690829456882e+02,-4.536919270064468037e+02
-1.486255092153231999e+03,-3.203180749407141548e+02,-3.191224075364944568e+00
-1.084331135004071257e+03,-1.323036897330689214e+02,-2.644509198786038269e+02
-7.590613894964380961e+02,-4.318918324736250156e+02,-2.877534370694588688e+02
-7.520645583160421666e+02,-1.307555880616086768e+02,-2.629234993970971459e+02
-8.990430078365259305e+02,-1.295488170721086760e+02,-1.291343369573345115e+02
-7.566980393333734582e+02,-4.828329656822270977e+02,-1.285347587851609035e+02
-1.229786203139627332e+03,-2.595722529209901950e+02,-1.286154592556646321e+02
-8.588026501501733492e+02,-1.288365456510635170e+02,-1.268624189350204006e+02
-9.401002031550559650e+02,-1.299190323157924638e+02,-1.302966890959044974e+02
-7.644132865060548738e+02,-2.663230038219173252e+02,-1.301008334767268479e+02
-9.556364056386137236e+02,-2.628812095373730244e+02,-2.708201525190983148e+02
-9.855953225037629863e+02,-1.284226007371536582e+02,-4.927134408461037083e+02
-1.067781251402666612e+03,-4.235496760143343522e+02,-1.284073437556019996e+02
-6.329754212512576714e+02,-1.319998429496890822e+02,-1.292426185117338093e+02
-9.479514082990004908e+02,-1.348019538072636294e+02,-2.555373902717083183e+02
-8.918542213199217485e+02,-1.262667384868443463e+02,-2.663239800586362094e+02
-9.400869203308291162e+02,-2.691810659926188691e+02,-2.580087644297070710e+02
-1.172995550908711721e+03,-1.299145733114946779e+02,-1.318731530249679622e+02
-8.401568322706345953e+02,-1.293339159157727920e+02,-1.784545355400967148e+00
-7.877554397985310288e+02,-1.336614357855960122e+02,-3.713673756389144955e+02
-1.262087126049424796e+03,-1.292307327330731539e+02,-3.816167277607750066e+02
-9.052789038153882757e+02,-3.932236059736790708e+02,-1.302705651933966067e+02
-6.616998919426711154e+02,-1.287189511078688327e+02,-1.519637936177388626e+00
-9.750137410621728122e+02,-2.282239133673915177e+00,-1.276380803059139879e+02
-1.041489272090142094e+03,-2.516284963216609185e+02,-1.294160592981664877e+02
-8.038919166719120994e+02,-1.429789766928782235e+00,-1.281125435156146182e+02
-1.208167174324167490e+03,-2.800508539977928990e+02,-1.323828449358890964e+02
-9.859730811467527474e+02,-2.770039923852618813e+02,-1.284912311862403840e+02
-9.572000220549301730e+02,-5.642545146087543344e+02,-2.595369894493995275e+02
-1.062684247154151990e+03,-3.911241748607530440e+02,-1.305561321096648442e+02
-8.552608270621639122e+02,-1.577069665914935914e+00,-2.124952552256099025e+00
-9.025303050459532415e+02,-4.009019422228370217e+02,-2.574785546027455894e+02
-8.803292477193193690e+02,-1.275959679005419929e+02,-1.347394254809023550e+02
-8.547215088899380362e+02,-1.314192894821056257e+02,-1.329942891390916770e+02
-9.192300284422157119e+02,-1.308574687154872151e+02,-1.302103319137051471e+02
-9.930185180454419651e+02,-1.317372177897833012e+02,-1.332159759332596991e+02
-1.023403331447702158e+03,-2.067968172472636645e+00,-2.906301974671492427e+00
-9.558972648981603015e+02,-1.277981686935483197e+02,-5.087683800486497034e+02
-8.321660850461626069e+02,-2.595625358881115403e+02,-1.311564585634075684e+02
-9.563569263626575321e+02,-1.303905432395781929e+02,-1.314755238158743964e+02
-1.368033380235235200e+03,-1.319929270804679504e+02,-1.277003270242710045e+02
-9.843447964827303167e+02,-5.065363772097213655e+02,-1.659565769661274004e+00
-1.180558131060408186e+03,-2.817075188861270476e+02,-1.663248297717708990e+00
-1.468421793184596936e+03,-1.457734100105808395e+00,-5.200064253624024104e+02
-9.856407581927104502e+02,-2.897310508772720254e+02,-1.287961162955951409e+02
-8.274062381006000351e+02,-1.620888241512848937e+00,-3.782018749582817918e+02
-1.092137505899729831e+03,-1.294819528220966163e+02,-2.549487398229130690e+02
-6.383548077670690191e+02,-1.335935819993738960e+02,-1.268275199536053321e+02
-5.408227214999885746e+02,-1.443619199590091773e+00,-1.314903959532526869e+02
-1.245013969723884202e+03,-1.287696702149758892e+02,-4.565858852863962056e+02
-9.836925308476070313e+02,-1.306967840079060750e+02,-2.578919333848123756e+02
-9.824296589710090757e+02,-1.717604630868939664e+00,-1.269901340422297693e+02
-8.708167786406454525e+02,-1.549219457560081503e+00,-1.275139584375872204e+02
-1.215968918095214349e+03,-2.673318402810632506e+02,-2.754422345717600251e+02
-1.093651845740048657e+03,-1.292217879435755492e+02,-1.308543684650432510e+02
-1.235435544043896925e+03,-1.285219741762447825e+02,-2.600000571467683699e+02
-1.224764625499950398e+03,-3.906441444911937424e+02,-2.591724153122947314e+02
-7.747822450929238585e+02,-1.305874265419111566e+02,-1.286231036043158724e+02
-1.045658855420991813e+03,-1.311471775627050249e+02,-1.273893744477643679e+02
-1.058973481470247407e+03,-1.277397235340737893e+02,-4.928525310006129416e+02
-8.911919969770651733e+02,-2.664015071519116873e+00,-2.562004308088880862e+02
-7.752832299425452902e+02,-1.305760794479619733e+02,-2.544221296270197286e+02
-8.616262839520225043e+02,-2.564725752405673802e+02,-1.296887132875716873e+02
-1.195279650394243617e+03,-1.429155620880992572e+00,-1.301922518981394319e+02
-1.224972052564527985e+03,-1.387736253624869676e+02,-2.634972463092660178e+02
-7.769330776681460975e+02,-5.146857236462331002e+02,-1.292881037647373432e+02
-1.222487786577794168e+03,-1.546576127139496881e+00,-1.281071300903818155e+02
-9.346888880640947264e+02,-3.938289833016762600e+02,-1.324295264077080105e+02
-9.699903661413379723e+02,-1.286298547692469469e+02,-1.312839212222386891e+02
-1.128380776423299949e+03,-4.071768132089380288e+02,-2.528554659593407905e+02
-8.578389560635959015e+02,-3.361268467360315260e+00,-1.601103981814812949e+00
-1.007639406008955802e+03,-2.806906332826895891e+02,-4.179545461594742051e+02
-1.110405233858562951e+03,-1.277028360571560199e+02,-1.283201703415531370e+02
-7.480885360390537926e+02,-1.582351427025140866e+00,-1.310722833521834900e+02
-1.501383846044440588e+03,-3.752722899922594593e+02,-1.291220681515891044e+02
-9.564392278359567854e+02,-4.222452372441723014e+02,-2.665245824763051719e+00
-1.081773510067383313e+03,-2.609642194030748215e+02,-3.978062642021001238e+02
-1.054904248344757889e+03,-1.499487012468506908e+00,-4.172847115271304688e+02
-9.960989973587791155e+02,-2.623591456108823081e+02,-2.808707420447187353e+00
-9.515653315252218363e+02,-2.727012140950427579e+02,-1.342054625083557369e+02
-1.205064456093384933e+03,-3.594949766503920614e+02,-2.588713542842202742e+02
-1.359517808999194131e+03,-1.278676172989440118e+02,-1.271846686239790927e+02
-1.217547432154348598e+03,-1.240802365697299621e+02,-1.623786633378603739e+00
-1.052972012934982786e+03,-1.428893309215581109e+00,-1.307603335303590484e+02
-1.538696045806128041e+03,-1.288454131659912889e+02,-1.305423353159526982e+02
-1.427839735299795848e+03,-1.255194669199208874e+02,-4.142132513255193089e+02
-1.126987306621194648e+03,-2.586687782284396917e+02,-1.314562263251553702e+02
-9.059323392718379182e+02,-1.308138902582037701e+02,-1.311345055557471824e+02
-8.855933358101991644e+02,-2.761947930797043114e+02,-1.300369765717759378e+02
-8.665513225593051629e+02,-3.816024624681468822e+02,-1.291627018859665839e+02
-1.072309447637637732e+03,-1.287299330732811313e+02,-2.631217899814339489e+02
-1.029910956911957328e+03,-2.532005971469882866e+02,-2.595957070039376617e+02
-1.144274470160687542e+03,-2.845257324427761887e+02,-1.322300274709087660e+02
-9.039622975190792431e+02,-1.284141318602648028e+02,-1.345009971935411102e+02
-9.510459383553461521e+02,-2.841119467735741182e+02,-2.518287673523702210e+02
-1.335549947661773786e+03,-5.554992487317745145e+02,-3.842879850940651068e+02
-1.079947246472969937e+03,-3.396749926231815948e+02,-2.334188017520145930e+00
-9.656281569200598369e+02,-1.272080336027966894e+02,-1.297424313772739595e+02
-8.683431908422609240e+02,-1.279084310888384266e+02,-1.860179132957661796e+00
-1.488590759005644259e+03,-3.479420094651749729e+00,-2.688106810162315696e+02
-9.563011538477873046e+02,-1.243375265362207358e+02,-1.330521208404796312e+02
-1.121637064610885091e+03,-1.669777212152302237e+00,-3.096309909060390737e+02
-1.339954883477083740e+03,-1.337971978421290942e+02,-2.839039608692536945e+02
-7.296958576477312590e+02,-1.272528189229844742e+02,-2.910362256061160906e+02
-7.916388239954611663e+02,-1.299074296588056541e+02,-2.771342718217651395e+02
-8.627605287171661530e+02,-1.301602148270419548e+02,-3.624032359017720637e+02
-1.127363866800329333e+03,-2.485346017681733883e+02,-3.305605867530564410e+02
-8.905514972098028466e+02,-4.543075564669062487e+02,-1.531192349947958053e+00
-1.307061310058408026e+03,-1.470866707108265725e+00,-1.305058368857889377e+02
-9.935990697876907234e+02,-2.495055758232924177e+02,-2.793829287974721751e+02
-7.238343835197274529e+02,-3.643091026260104854e+02,-1.318235769084361948e+02
-8.870516268973146907e+02,-1.251758925075886282e+02,-2.563814084997621308e+02
-9.996031228670906330e+02,-1.279423788359691940e+02,-1.311632994103146075e+02
-7.521503942147090811e+02,-1.299575255948772394e+02,-3.905259406271628677e+02
-9.750967803452024327e+02,-1.290300670408196879e+02,-1.278483050828218808e+02
-8.776226436337681207e+02,-2.568488686626979529e+02,-2.605367156807972151e+02
-9.603059375505625894e+02,-3.828453176810862715e+02,-1.284202803663371242e+02
-9.158060520305091359e+02,-1.288452514100212625e+02,-2.632202173707677844e+02
-9.310603069897337036e+02,-2.514360785717555018e+02,-2.666567104393605518e+02
-9.446442240833015376e+02,-2.827561288816879710e+02,-1.294951174379896202e+02
-1.537717407774300000e+03,-1.302662341419834320e+02,-3.708700549548128720e+02
-1.516806447454327781e+03,-1.557779891383395121e+00,-2.523663622299082192e+02
-1.034332161615193399e+03,-1.271667698587704649e+02,-1.284605194995268391e+02
-9.574777167231592330e+02,-3.536532372018416481e+02,-2.534787520037292836e+02
-1.359066776513279819e+03,-1.315345618059715207e+02,-2.561689741374556775e+02
-1.214802643319987510e+03,-2.638782954508299667e+02,-1.385116177553408932e+02
-8.984971064855152463e+02,-3.718173372141280311e+02,-3.168927857106951684e+00
-7.468181259549263586e+02,-1.316064613451191292e+02,-1.323998143910776548e+02
-1.439784969539373378e+03,-1.290439009158531576e+02,-1.296417356195822776e+02
-8.612693609018127745e+02,-1.255822317017191665e+02,-1.315370498899053757e+02
-1.003198347253862494e+03,-1.767749666372209649e+00,-3.052989737522539144e+02
-7.815814511653123873e+02,-2.680943446389385940e+02,-4.341341572136674358e+02
-6.407980221904490463e+02,-6.813754497908287249e+02,-2.566521577165476629e+02
-8.166668887121802527e+02,-1.319305055016681649e+02,-2.698707862691726405e+02
-1.053721487704691071e+03,-2.770767347862342262e+02,-2.893094174487076202e+02
-9.118427115271604180e+02,-1.293303845730163459e+02,-2.694121513680162252e+02
-6.828335970642270922e+02,-1.515285234872633964e+03,-3.633047386577715088e+02
-9.662254345222798975e+02,-1.330277779069209600e+02,-1.294646940807807312e+02
-9.811841592971400132e+02,-1.292984422730771144e+02,-1.289126752408384107e+02
-1.268807874386270669e+03,-1.264626413217468865e+02,-2.662796866581459767e+02
-1.508763150385068684e+03,-2.865018654394296149e+00,-3.841322038725727452e+02
-8.959194912816279839e+02,-2.098324525108473448e+00,-2.641453701176159825e+02
-9.247012894310996671e+02,-1.284593623840792986e+02,-1.319494584880449111e+02
-1.073872110032393948e+03,-1.269301378878035536e+02,-1.639774391283540078e+00
-1.116942027999332595e+03,-1.741374906985704296e+00,-2.818256813310602524e+02
-9.771697607784540196e+02,-2.613325626949439879e+02,-1.320775675521453252e+02
-1.005631341269961922e+03,-1.316813246686972718e+02,-1.303107894233161232e+02
-1.383850840136059333e+03,-2.609137813431833592e+02,-3.441525613541678013e+02
-1.331959075106598675e+03,-1.472797997843493301e+00,-2.675501673810482544e+02
-8.582879677833325331e+02,-3.257144089669933464e+02,-1.310848425358567511e+02
-1.381698610200205394e+03,-3.968325325147702642e+02,-2.661254569904325535e+02
-6.765461850939672104e+02,-1.309200820439646691e+02,-3.843795978662005837e+02
-1.113007054288453901e+03,-3.834739463084885642e+02,-2.593725199295785160e+02
-1.012965739413865322e+03,-1.320281371712133875e+02,-1.284184473413747298e+02
-9.344755707049582725e+02,-1.277397576768707381e+02,-2.263423745954644239e+00
-9.589748105308508457e+02,-3.768450640350167760e+02,-1.290239772905462132e+02
-1.381501302513942846e+03,-3.157364951051650603e+00,-1.757371563438854256e+00
-8.698217475344240484e+02,-1.306170896032598705e+02,-1.243984209619189301e+02
-1.615127521436256302e+03,-1.280227075750501626e+02,-1.289503784600172764e+02
-1.289286693357089462e+03,-1.328214235994761054e+02,-1.282694628915571400e+02
-1.313089463414966986e+03,-2.676463399269072170e+02,-2.750565407138324190e+02
-1.131076732461822530e+03,-2.717977570507587757e+02,-2.517263542268699723e+02
-8.675003842242956580e+02,-1.284885324120511143e+02,-1.272776179273114252e+02
-7.526355916033077165e+02,-1.312750539023788292e+02,-1.562125627252665794e+00
-9.121367921864829214e+02,-4.064731358978364710e+02,-3.911363186729103631e+02
-8.920291642916437240e+02,-1.300489757678838316e+02,-2.326359734018596193e+00
-8.863705282367457130e+02,-2.002351871314394849e+00,-1.244549997024488164e+02
-7.526354703561414681e+02,-2.861273019820077934e+02,-3.335353900817819017e+00
-8.703874385279021908e+02,-2.733003128340620265e+02,-1.962508058268592093e+00
-1.554867631202600705e+03,-1.333217935920999935e+02,-4.232563542325591470e+02
-9.736032634628679716e+02,-2.648851344300430242e+02,-1.308252214545753134e+02
-9.699887689649857521e+02,-1.317309714879259559e+02,-2.690304885246672484e+02
-1.460689402621800355e+03,-2.581882541259071218e+02,-1.281022150644873818e+02
-1.168796401015457832e+03,-2.552911349860907251e+02,-1.245596898088643769e+02
-8.475733372548223770e+02,-1.288208161774138318e+02,-1.282665713922922350e+02
-8.591748960714105579e+02,-2.606687632898353701e+00,-1.286621758564556330e+02
-1.354784432572071182e+03,-1.291619408157211808e+02,-4.048196111175507212e+02
-1.091402454781863526e+03,-1.275074660924695564e+02,-1.235743659342473109e+02
-8.470626823263557981e+02,-2.508822604688699869e+02,-3.986266412055826436e+02
-8.150725540654826773e+02,-1.291108881364158094e+02,-1.307731896243547283e+02
-1.333341202337547202e+03,-1.342638281807146257e+02,-1.248515647250774236e+02
-1.302515698020768923e+03,-1.332006410220037935e+02,-1.238756639352397144e+02
-1.200526799671162735e+03,-2.828682019099917397e+02,-4.698207343970613579e+02
-1.207839228763022220e+03,-1.805600978714277494e+00,-1.983311138371249616e+00
-1.079985073147246567e+03,-1.315045557076640250e+02,-1.306383358480620132e+02
-7.675298540011523301e+02,-1.338601506188659584e+02,-1.328395706288885663e+02
-8.417062407163500666e+02,-1.524621684727957893e+00,-2.690133457942725954e+02
-1.182790856145791849e+03,-2.769016620511366114e+02,-1.294788498808860879e+02
-1.257693828176855959e+03,-3.799518409174200997e+02,-3.072993859534149692e+02
-1.087091545096747268e+03,-1.319206865474171479e+02,-1.280815942956880917e+02
-1.003179602711269695e+03,-1.310368788595189073e+02,-1.377704661365485492e+02
-1.302165788504722741e+03,-2.573287031229622244e+02,-2.978048757142677800e+02
-1.132770441759472760e+03,-2.772493341356771612e+00,-2.671612951578804314e+02
-9.350169590072977144e+02,-3.715133987491604444e+02,-3.138208083125761618e+02
-7.623623237445732457e+02,-6.408281339873731213e+02,-1.271165345274534104e+02
-1.103029798867737099e+03,-1.246616343872505723e+02,-1.333127029591319683e+02
-1.282831199946203469e+03,-4.081845225084944673e+02,-4.175253179717211083e+02
-7.669255494832109434e+02,-3.788118778440936580e+02,-1.303098769011139666e+02
-1.379579312324787452e+03,-2.168306908015559031e+00,-3.863126621027356578e+02
-9.869714844614634330e+02,-1.274575005128817082e+02,-2.682760410941177156e+02
-8.791970347895673967e+02,-2.716856914958242442e+02,-2.715363059223564619e+02
-1.121672016331848454e+03,-3.712235433917054479e+02,-1.238515569413961259e+02
-1.333710551776058765e+03,-2.609153412123269504e+02,-1.302699661626879504e+02
-1.146892231186089703e+03,-4.646089799986730213e+02,-2.143937073222119238e+00
-1.350531969830963135e+03,-1.293164775852266928e+02,-3.864417344828259502e+02
-1.261622093341534992e+03,-1.259744072429076169e+02,-1.290910152471489312e+02
-1.421368112647925045e+03,-3.669353548987082263e+02,-2.625284109838107156e+02
-1.246120942012799787e+03,-2.454017832444201304e+02,-1.491161703815145900e+00
-1.114394987307860674e+03,-1.296981401110480476e+02,-1.242989964071113036e+02
-1.003292956394771409e+03,-1.301578181979294300e+02,-3.813573339820173373e+02
-1.122633330367172221e+03,-1.290874210469092986e+02,-1.307797937072400032e+02
-1.260720116494865806e+03,-1.310796792697185822e+02,-3.578066056593017130e+00
-1.091154839680971918e+03,-1.299536042736697254e+02,-2.655662870066144023e+02
-1.044901006902369772e+03,-1.258333959694792554e+02,-1.297530639544354756e+02
-1.265838006192446755e+03,-1.325039191502997937e+02,-3.475627234541407233e+02
-1.461813725298917916e+03,-2.743783473220593123e+02,-2.131104781078026811e+00
-1.099111763071924315e+03,-1.297878936435360515e+02,-1.302010722356509689e+02
-9.409495819525042180e+02,-1.323625311682391441e+02,-3.838298095901151896e+02
-7.687677274782590757e+02,-1.282408000898941509e+02,-3.413147644271940067e+02
-1.098109560958771681e+03,-1.300175910354154212e+02,-1.324331770805857786e+02
-1.583220750580904451e+03,-2.910211609583685117e+02,-1.310843175687290341e+02
-1.198842148098438884e+03,-2.626862997789678502e+02,-1.288015618233843327e+02
-1.267607290427946509e+03,-1.516234431625850476e+00,-1.314161777227338916e+02
-1.053606129951376488e+03,-2.526390825007917442e+02,-1.278690890518211631e+02
-1.115359743566316865e+03,-1.262519482962333797e+02,-1.587854790739595012e+00
-9.623391343850250905e+02,-1.329324781902775214e+02,-2.752061499908188580e+02
-7.833255396612537425e+02,-5.495717431190109892e+02,-2.430342459991542192e+00
-1.073453498899832766e+03,-1.281765217512789263e+02,-1.254303672957776570e+02
-1.023038673610158639e+03,-1.307844083597454414e+02,-2.583992693109668721e+02
-1.506190374776291037e+03,-2.900366467639267398e+02,-1.328074289416945817e+02
-1.123414508014668627e+03,-2.800774340206941702e+02,-3.260214440978651282e+02
-9.354246461930897567e+02,-1.325519804566549169e+02,-1.696091911092742599e+00
-1.529256364607857449e+03,-1.296685968511300473e+02,-1.366232990482258458e+02
-8.937266098656571103e+02,-3.746378804648279583e+02,-1.271948143477207367e+02
-8.880971986107341536e+02,-2.523541843140583296e+02,-2.757694889932704996e+02
-1.091176713804976316e+03,-2.520786172764798607e+02,-1.302601297226020165e+02
-1.410303345359997820e+03,-2.725381987677493498e+02,-1.953889581671919062e+00
-1.478620592515364251e+03,-2.814153853850436349e+02,-1.306787571656303726e+02
-7.913936783438231259e+02,-2.559698338331187415e+02,-1.324386228732307984e+02
-1.086668934184467844e+03,-2.480462529306275883e+02,-1.298723647876568350e+02
-9.200662343352147445e+02,-2.699225622515552914e+02,-1.244308401965422490e+02
-1.216121129909021874e+03,-1.351609683195123353e+02,-3.627167730571164270e+02
-7.773742761180868683e+02,-1.371921678629541361e+02,-1.963544139601559158e+00
-1.258476312219535657e+03,-1.307981989408159791e+02,-3.758938727173423899e+02
-9.679248499811989177e+02,-1.304640872003276115e+02,-1.441283681464391009e+00
-1.044875489470202865e+03,-5.414282408659878456e+02,-1.957834732049722914e+00
-7.754681675629594793e+02,-2.623222934472222505e+02,-1.303844496451795862e+02
-1.349741563207301851e+03,-1.316750524173700967e+02,-3.021441046319172301e+02
-7.784747450467140197e+02,-1.282208008363691363e+02,-2.549866129546684306e+02
-9.140816664961756715e+02,-3.847591642984243663e+02,-2.532918956250662745e+02
-1.308213244417580427e+03,-1.371209609260055231e+02,-4.053889995972008364e+02
-1.364989445070482134e+03,-1.265627868628275650e+02,-1.297818694612642787e+02
-1.342539419941474534e+03,-1.290678147210352336e+02,-1.290290244959674908e+02
-1.016479566765517234e+03,-1.795749240322591422e+00,-1.303267907399748253e+02
-1.020603355274277419e+03,-1.276843909283973773e+02,-2.599155454056651706e+02
-1.109659448824807896e+03,-1.301779140483735375e+02,-3.942579245715086245e+02
-1.353509759051769379e+03,-1.315760429134503511e+02,-1.273817821587279582e+02
-1.027467319942214090e+03,-2.613815732088668824e+02,-2.497334463619858980e+02
-1.398700699476941281e+03,-1.303515366259271104e+02,-1.304274166160681148e+02
-1.017283375210914642e+03,-1.433584496440132083e+00,-3.016479307469156268e+00
-8.945145883647600158e+02,-2.578047220152989780e+02,-3.921729363279828249e+02
-1.572884019412611451e+03,-1.314512780640251890e+02,-3.177210593462275856e+00
-8.913588296071154673e+02,-3.902465878895145579e+02,-2.629131689932394238e+02
-9.584069928005014845e+02,-2.595777091673169252e+02,-2.561901474640107494e+02
-7.160992095959778680e+02,-2.690249216268300074e+02,-2.679938945969877917e+00
-1.024458809245880275e+03,-2.605667602014036106e+02,-1.317565470745382470e+02
-1.193458566669105494e+03,-2.633447596490311753e+02,-1.330422563618311358e+02
-1.334283717949243282e+03,-1.492477119374670565e+03,-1.309387363953625254e+02
-1.062722473820810592e+03,-2.592803137939970384e+02,-2.647386164075711008e+02
-1.012053399113064870e+03,-1.619391461356274542e+00,-1.620033337398084861e+00
-1.206977771065824300e+03,-1.302962701005438362e+02,-2.822874761239017403e+02
-1.107979727321308246e+03,-1.380205582129276252e+02,-2.554975724000439641e+02
-1.257674833958060617e+03,-1.273677290710245131e+02,-2.502800268916631978e+02
-1.108615668598470620e+03,-4.554606463926713786e+02,-1.289219234410650472e+02
-1.232428357768752221e+03,-2.686437422327019249e+02,-1.682561313234067546e+00
-8.863364021487780064e+02,-2.544548621482590534e+02,-2.599111713931388294e+02
-9.761267206703693091e+02,-2.926698765981420252e+02,-2.605118287877672287e+02
-1.213077977436233368e+03,-1.298951345538991688e+02,-1.672818187621749830e+00
-1.350519902521047243e+03,-2.567362595644976864e+02,-1.288578449451487131e+02
-9.683076326821267230e+02,-1.327183248430452522e+02,-1.327130543537756182e+02
-1.003234212134698737e+03,-1.314121507458675353e+02,-1.441765605675096928e+00
-8.778400088160476571e+02,-1.334612511391583212e+02,-1.290646393851145888e+02
-1.069487118747120576e+03,-2.616159482966161818e+02,-2.580190501315292977e+02
-1.067802213437459841e+03,-2.574247383558021056e+02,-1.427574537028799107e+00
-1.214338998731190713e+03,-1.241300972867512940e+02,-3.777320485602270423e+02
-9.746997071908283488e+02,-1.342531927272910650e+02,-1.304646628855642234e+02
-1.463617480956260806e+03,-2.645407760237122208e+00,-3.001307341027641407e+00
-9.506611062083879915e+02,-1.315047997849478918e+02,-2.647630090155154789e+02
-1.057715663158897769e+03,-1.327358321485619683e+02,-1.233687302139917108e+02
-1.381111122303057300e+03,-2.113581225351742532e+00,-1.294883910863472067e+02
-1.014752248160174986e+03,-4.432173413917992093e+02,-1.269952397761982326e+02
-8.724065154879330066e+02,-3.859383916928377971e+02,-2.524087537367822733e+02
-1.031309366626596102e+03,-1.333378291812567227e+02,-2.980152917926827740e+02
-1.006196014954836869e+03,-2.537294094362740395e+02,-3.532681621811381092e+02
-1.199909167941668557e+03,-1.320405108191089312e+02,-1.256795924327977048e+02
-9.835141873125976417e+02,-3.911607078891962033e+02,-3.760901340758254037e+02
-1.097197592526831841e+03,-3.508442100606245049e+02,-1.280549730476047898e+02
-7.767570227845360478e+02,-3.951967122842726781e+02,-2.483506880008797850e+02
-1.355370366085524665e+03,-2.644581850632742999e+02,-4.198336669123240199e+02
-9.184594541747741232e+02,-2.672998722278681498e+02,-1.515256663614478612e+03
-1.421747119274372608e+03,-1.334327448724017700e+02,-2.489366883925212335e+02
-1.011270564886859006e+03,-1.301815966333622043e+02,-1.263185050446965647e+02
-1.289912511815813559e+03,-3.408643120726879943e+02,-2.691843340084127476e+02
-7.697434516545207543e+02,-1.244102047520324277e+02,-6.170175830748432872e+02
-1.003460485267125023e+03,-3.908216825445439326e+02,-1.327788026189928701e+02
-1.075095397919926654e+03,-1.279639562929812797e+02,-1.594186008654812747e+00
-1.138047683012093557e+03,-1.273795070167738146e+02,-2.837438470133741930e+02
-1.167914267249508612e+03,-2.622411319178395956e+02,-1.288082529682282029e+02
-8.648851648967756773e+02,-1.349827506360538223e+02,-1.315796021507679825e+02
-1.126478623045655922e+03,-1.322548990034776750e+02,-1.325149225205541370e+02
-1.319643598955713742e+03,-3.926677543686674881e+02,-1.231334585317499943e+02
-9.108986130274950028e+02,-2.008601593287155929e+00,-1.364888974642749986e+02
-1.423200458125616706e+03,-1.301056714098209568e+02,-2.666368092676970836e+00
-9.973420491792261373e+02,-2.758533726477723462e+02,-1.311820952736381685e+02
-8.448379919762767258e+02,-1.291688064477021953e+02,-1.299167551102453046e+02
-1.155587231934674037e+03,-1.273107326144223066e+02,-1.284159388574387037e+02
-1.047158848408390213e+03,-4.350223845781596310e+02,-1.249788057437752968e+02
-8.628412941324519352e+02,-2.912310793962492994e+02,-1.406377925461897327e+00
-1.058411222242119948e+03,-2.702791498878352172e+02,-2.522094184184850008e+02
-9.601401298795592538e+02,-1.329541346389520413e+02,-1.323562755746800974e+02
-1.320079552665644542e+03,-2.638252891544547083e+02,-1.326713056588233997e+02
-9.609705246770364511e+02,-2.898171828728529249e+02,-1.331883461690448485e+02
-1.502100522422084623e+03,-1.263872485378122690e+02,-2.431396953265125838e+00
-9.529440592965952419e+02,-2.670895515179389577e+02,-1.287891554715986899e+02
-8.142655719372113481e+02,-1.292277681964641829e+02,-1.316261252273044420e+02
-7.644491363128754529e+02,-2.524314842543855661e+02,-1.300594318265586935e+02
-1.066306500579190015e+03,-3.690836924995028312e+02,-2.600564674653738280e+02
-1.242118549588986752e+03,-2.593757532888129731e+02,-2.500242492271308663e+02
-7.733541310118308729e+02,-1.479193479657341159e+00,-2.682956336908561639e+02
-1.107607272935468927e+03,-3.051804111027278736e+02,-1.288771054279744988e+02
-1.347825475187293478e+03,-2.581981328516774852e+02,-1.261775871198892247e+02
-1.126146564262453694e+03,-2.603516990057164548e+02,-1.362857439134659217e+02
-9.776581469628412151e+02,-1.269655720564507249e+02,-3.316437789069080395e+02
-1.428780751078615367e+03,-1.258780582939436528e+02,-4.564897061803539486e+02
-1.217299447350626679e+03,-1.355764784999662993e+02,-1.283898321605657316e+02
-1.094470788733673544e+03,-2.601276425782428987e+02,-1.375107620605531338e+02
-8.051460222508831066e+02,-1.282763589980367556e+02,-2.481160741316240035e+02
-1.011507013449361011e+03,-2.730908310180853391e+02,-1.285389708542763856e+02
-1.228425702657099691e+03,-1.311743015642057912e+02,-1.282028434203524796e+02
-9.788994342883185027e+02,-2.742467216341623839e+02,-2.792171048250569356e+02
-6.588388612543819818e+02,-1.307277917616430329e+02,-3.779711918024840429e+02
-9.664500880601001427e+02,-1.281849003709897374e+02,-1.289529429745865343e+02
-8.682396729499716912e+02,-3.642396218613323526e+02,-1.268986595219184892e+02
-1.484159919281912835e+03,-2.872722604436265215e+02,-2.618943801524590640e+02
-1.317805632553135865e+03,-2.695572895182748994e+02,-4.628769990808052057e+02
-8.706384915238478470e+02,-3.734020793486056959e+02,-1.309200502051878630e+02
-1.169051768549497865e+03,-2.570047677441492624e+02,-2.617652847205038142e+02
-8.793856000550209728e+02,-1.327272171879509983e+02,-2.492774668327805045e+02
-1.025862477726528141e+03,-1.256740566481859815e+02,-2.929945327192414517e+00
-1.433877986073731790e+03,-1.302941059805445434e+02,-2.922634823070008565e+02
-9.638838870448221314e+02,-1.278250798501132266e+02,-2.695449890451722013e+02
-1.055773025317624160e+03,-2.479353218052309842e+02,-2.730322320118595485e+02
-1.400834194359789990e+03,-1.602095744164945268e+00,-1.333500867544654511e+02
-8.438943855266699074e+02,-1.331424032986772090e+02,-1.297737818564859253e+02
-9.522023277668163246e+02,-3.549525096043783634e+00,-4.765800935057599759e+02
-1.135419826375311004e+03,-1.273773920849111079e+02,-2.862709054480196187e+02
-8.859233865919590016e+02,-3.345299741421584816e+00,-3.891759637775019200e+02
-9.687887745771695336e+02,-4.188132567219057592e+02,-2.218521143276201979e+00
-1.200298453124686375e+03,-1.539477176537799030e+00,-1.297710209262010892e+02
-1.019888175780264874e+03,-1.259882371034564841e+02,-2.295737744718329587e+00
-1.442655160411158704e+03,-3.177727423128054056e+02,-1.303431430600134036e+02
-1.011688390177643669e+03,-1.293263123437688193e+02,-1.327996766948950551e+02
-1.172902163302483586e+03,-2.596133274345675090e+02,-4.054082107801572192e+02
-1.030733256246631754e+03,-2.786481467207201490e+02,-1.294369465947523850e+02
-1.058917673290927496e+03,-1.297659046787227624e+02,-1.342891329289958833e+02
-9.697095676743490458e+02,-2.616593703772326194e+02,-1.252402685992300917e+02
-1.069564757584915924e+03,-1.311863058477337631e+02,-1.290880037117039478e+02
-1.397336888716391741e+03,-3.976118855940180197e+02,-5.093932214391230104e+02
-9.998390586764791124e+02,-2.746441551748939780e+00,-3.013762691509853084e+02
-1.368560531722857604e+03,-4.193018937213462323e+02,-1.322604529931094532e+02
-8.161443291286994963e+02,-1.285999378613050226e+02,-1.320939286903914649e+02
-1.200124451237386438e+03,-1.833564730963874290e+00,-1.262965044142227100e+02
-9.063707164917206001e+02,-3.638571370901958062e+02,-2.544289495648401456e+00
-9.317408835257210740e+02,-1.327779147649198990e+02,-2.540394041478295435e+02
-8.680389592102466167e+02,-5.451988895351454403e+02,-1.278827081252596116e+02
-9.745102512900932652e+02,-4.307239670422031850e+02,-2.655637493933019400e+00
-1.351438133500256754e+03,-1.320892728418262152e+02,-2.185133371597970608e+00
-1.526510251573812411e+03,-1.991068432019029277e+00,-3.061300070778914346e+02
-1.047209940595013904e+03,-2.722507786698495806e+02,-2.485856158128754032e+02
-1.367981004811762432e+03,-2.657353071298380769e+02,-1.285388438014349504e+02
-1.000569083304942637e+03,-2.563104228122579116e+02,-2.663234394134373133e+02
-1.132189207838625634e+03,-1.315627786872805132e+02,-3.651475829708869583e+02
-1.106655344826229566e+03,-1.281690211346228239e+02,-1.302589666076735853e+02
-1.207192705849376580e+03,-2.351752105442133978e+00,-1.266760684887600519e+02
-1.100219186574951891e+03,-1.285305052857880241e+02,-2.519836999580174961e+02
-1.116520829345826087e+03,-3.390096785760641751e+02,-2.537409653231405002e+02
