-1.574241175329515954e+03
-1.186058364696705439e+03
-1.255491292676324292e+03
-1.398256576496165280e+03
-1.425341138575696959e+03
-1.586640583984341674e+03
-1.683801551536364059e+03
-1.065041826190595657e+03
-1.240693541000590585e+03
-1.069672109947901617e+03
-8.079752228743495834e+02
-8.987757384443906403e+02
-1.083316413101783610e+03
-1.260213332965905920e+03
-1.046601603341637656e+03
-1.013303137895254395e+03
-1.551795279208988859e+03
-1.083535088186206394e+03
-3.077197002306901741e+00
-1.346460661675950632e+03
-1.100558537459377476e+03
-9.058285106298023948e+02
-1.349731249938983240e+02
-1.350673539857709557e+03
-1.246438823025985585e+03
-1.367692421392102915e+03
-5.410102159208481680e+02
-3.847513964502059594e+02
-7.847012301148596407e+02
-5.530371881267026311e+02
-1.221163602385353215e+03
-1.090082230975378025e+03
-2.587009655595039703e+02
-1.284205101564204483e+02
-1.302468622275652308e+02
-1.060158971820077340e+03
-6.504975749663537954e+02
-5.306743036180037052e+02
-1.395405535090177182e+03
-3.880465887625354071e+02
-1.324078960211469678e+02
-1.069853327078709754e+03
-2.553678630638716243e+02
-1.265685741907702635e+02
-3.890304887729004122e+02
-3.821256248287511426e+02
-2.648964848847680855e+02
-1.280335159201579245e+02
-5.363607741355355074e+02
-1.276987648105704380e+02
-7.085953636105111855e+02
-4.372355019694496150e+02
-1.327467009875975634e+02
-5.420161201537493980e+02
-1.305111799778546242e+02
-3.102449623197272022e+00
-2.581765985192714652e+02
-4.080502886823232984e+02
-1.324451147994553537e+02
-2.649161007619891848e+02
-2.579592637454674673e+02
-1.760444033607833969e+00
-1.262157165731197210e+02
-1.300848912245129441e+02
-1.172382964212288243e+03
-5.090063157864032064e+02
-1.299062028197032816e+02
-4.165723785561563659e+02
-2.577123294030170655e+02
-5.339668525268707526e+02
-3.913375623084761514e+02
-2.657341377681001404e+02
-1.682007075945871621e+00
-4.013550561469862146e+02
-1.298761082484685119e+02
-2.889603861476729652e+00
-1.273401455957906592e+02
-2.853487906972244446e+02
-2.518534682388470003e+02
-1.315915694303814689e+02
-2.639041801516877968e+02
-2.425939973954915452e+00
-2.618636251573390155e+02
-2.534427903704059020e+02
-1.322751643920537674e+02
-1.344287949394269504e+02
-3.702807637285829401e+02
-3.813311016617874429e+02
-1.323742295184307807e+02
-1.346496834850215976e+02
-1.282977631823612228e+02
-2.637628739575166037e+02
-2.674821827899618825e+02
-1.297363353052290904e+02
-1.535345094923376452e+00
-1.315692925567477971e+02
-1.268137285573480568e+02
-1.276736897767369783e+02
-2.495761824571829379e+02
-2.599785407231896670e+02
-1.618688903853079397e+00
-5.223571871705777312e+02
-1.293228997045044650e+02
-1.681609420273980415e+00
-4.898356821236160386e+02
-4.681214163120245075e+02
-2.453297644678802101e+02
-1.315799556094572154e+02
-1.295763332925548070e+02
-1.256334051554394335e+02
-1.972221620298832079e+00
-3.688399424724991036e+02
-3.342362725152554503e+02
-6.991510248978892150e+02
-2.484849799601117013e+02
-1.325731825872009892e+02
-1.292511985990640255e+02
-1.268978690301362633e+02
-2.589620357638924020e+02
-2.732469837636570560e+02
-1.286762586094279754e+02
-1.276897679195383546e+02
-1.328099783491755659e+02
-1.269332699270257621e+02
-1.296216433362914984e+02
-2.763860290532099953e+02
-4.481000874582286997e+02
-1.294535936588606546e+02
-1.288929833365838817e+02
-1.286799784313258215e+02
-1.278170367488284569e+02
-4.969991624907387404e+02
-4.236728386917755529e+02
-2.191504899107464599e+00
-1.271385989684793438e+00
-1.294459653736863913e+02
-2.644570330215369722e+02
-1.304591382490277454e+02
-1.250676659153769492e+02
-2.548054884128074491e+02
-1.606736567835298057e+00
-4.402727456415619827e+02
-1.282664749879012902e+02
-1.091221993462897444e+03
-1.240412658077092942e+02
-1.283945207525812009e+02
-1.285195410183767990e+02
-2.671489215155218062e+02
-2.564320191404502793e+02
-1.272352301608851519e+02
-1.416538723618783191e+00
-1.439350380253001660e+00
-1.284017351209103026e+02
-1.253557281287838379e+02
-1.544491114228142781e+00
-3.782951402931165035e+02
-1.718043357037779995e+00
-3.121150114726202105e+02
-1.577111520320946036e+00
-1.305349667065018195e+02
-1.277529872412239342e+02
-1.305726242599032787e+02
-3.732242722080296176e+02
-1.276739623609501422e+02
-2.437239210784901786e+02
-1.269545041335682924e+02
-1.297788247560725097e+02
-3.918341961504582400e+02
-1.311120787453091623e+02
-2.744996643465907660e+00
-4.533785171842489490e+02
-2.752004594001841156e+02
-2.643951720123856148e+02
-1.312001762624278172e+02
-1.303522329059420031e+02
-1.304069042722961456e+02
-1.282230406810831482e+02
-1.276453731865857151e+02
-1.222817927752550560e+02
-3.771304360101457860e+02
-2.556785663347758373e+02
-2.468917751584374400e+02
-2.539539951975937626e+00
-2.493867594196153732e+02
-1.684950574390727374e+00
-1.331779954898604785e+02
-4.311872468499651632e+02
-2.625479604949571240e+02
-1.277857474538237454e+02
-2.588617521554234600e+02
-2.722402764857061470e+02
-1.288169764374984538e+02
-1.299154884443700553e+02
-3.955526279427749614e+02
-3.778054880761346226e+02
-2.554361278524864076e+02
-2.622306330695928409e+02
-2.986738934412315984e+02
-2.927113919884227471e+02
-1.266123693435256712e+02
-2.476977315295552842e+02
-3.811147416998202289e+02
-3.900400523661332954e+02
-2.570396159291169056e+02
-1.289565071774748048e+02
-2.781900346892477387e+02
-4.458854375169168520e+02
-1.276574364270581015e+02
-1.678520353443827773e+00
-1.284193832584486472e+02
-2.597141595393750446e+00
-1.282690326884296326e+02
-2.597588943493168472e+02
-2.622820181902652621e+02
-1.971026063408748863e+00
-1.263662948086022340e+02
-1.292709385367375603e+02
-1.314007957055347617e+02
-1.276558930694669272e+02
-3.703001520785981597e+02
-3.498642590296528283e+02
-2.606311027446333242e+02
-1.271832299167499656e+02
-1.282402712728697622e+02
-1.314785335235565356e+02
-1.315534564657286865e+02
-1.619992611625356682e+00
-1.263312094112212236e+02
-2.680092561664101822e+02
-2.695404105178069472e+02
-1.321735507603314090e+02
-1.317748931104166559e+02
-1.517896453611236041e+00
-1.309817601939457177e+02
-2.847896863745065730e+02
-1.906859603983485085e+00
-2.790038509130718580e+02
-2.568733576463590680e+02
-1.891452986033799855e+00
-1.279329313204920737e+02
-1.269231356142428524e+02
-3.387673056549443800e+02
-1.310244335949346066e+02
-1.305341228652263226e+02
-7.396602541775424697e+02
-1.270860455724099722e+02
-3.827763090258245349e+00
-2.649827269568334600e+02
-1.736438191767045724e+00
-1.285045495944492302e+02
-1.299257856403208962e+02
-1.240350181752739758e+02
-1.277847922334437003e+00
-2.631118385675353579e+02
-2.616637516567612920e+02
-1.302770414462999611e+02
-2.433113398777901750e+02
-1.225246419682295418e+00
-1.650454826013191267e+00
-1.285354230827181823e+02
-1.282498159577573347e+02
-2.440207446261095185e+02
-1.688854536471580792e+00
-2.548157285744106844e+02
-1.296413310581338862e+02
-1.282557788538472039e+02
-1.288290764130596813e+02
-1.312424090710098881e+02
-1.310865274431051830e+02
-1.266954304605278878e+02
-1.266577233259860122e+02
-1.271822305953007088e+02
-1.276628261459028550e+02
-1.308101868888828960e+02
-2.657508502072668080e+02
-1.328886725154285102e+02
-2.143630786810807098e+00
-2.662819869862320843e+02
-3.666693561388248099e+02
-1.290024782665987004e+02
-2.669016358222913823e+02
-1.247940216108317912e+02
-2.715366044316239709e+02
-2.653527984204390577e+02
-1.269566384453776635e+02
-1.319730733054325924e+02
-1.291645260563425950e+02
-1.274533881260551169e+02
-1.306366763296487647e+02
-1.252431787261376286e+02
-1.288957289205406198e+02
-4.247611340895427929e+02
-3.251839401555348559e+02
-1.271182517118785853e+02
-2.150575868411519487e+00
-2.543312116829723095e+02
-2.598365880449987912e+02
-1.261872359417822054e+02
-1.290579173707367318e+02
-1.281811317613600067e+02
-3.975703700894069357e+02
-1.250229971771057365e+02
-2.516705193644110068e+02
-1.302579916016276229e+02
-3.760241704546461960e+02
-1.287947274938704822e+02
-4.730721439739513698e+02
-1.285982250475391027e+02
-1.296713968576856928e+02
-2.540206096720198925e+00
-2.549294417096926963e+02
-1.299056209255952012e+02
-2.607747640766058339e+02
-2.548184869798333239e+02
-1.268531070935541720e+02
-2.643537604155733902e+02
-1.370767379733075497e+00
-1.290052344655917125e+02
-2.888585715835890255e+02
-1.297333960980180620e+02
-1.380675715539500414e+00
-3.691244230663176040e+02
-3.101933948788939119e+02
-1.342531534795689083e+02
-2.522708245949874595e+02
-2.631498240017911030e+02
-2.683687607991275286e+02
-1.286560945357199728e+02
-1.286837185701407691e+02
-1.835916526505999347e+00
-1.293846773314030543e+02
-1.315691374332449755e+02
-1.285465529021248301e+02
-1.299847346290365806e+02
-1.308642919518667043e+02
-1.487143857065889918e+00
-1.324031952584060434e+02
-2.469514818285512376e+02
-1.267672452131392618e+02
-1.254454508595706983e+02
-3.762773345387630570e+02
-2.672540719086759395e+02
-1.274954968440909084e+02
-1.283822859174506164e+02
-3.502446393628189298e+02
-2.539733360012187973e+02
-4.012692337628200789e+02
-1.267369265926209749e+02
-1.320491405327744587e+02
-1.461546151614840916e+00
-3.660084516254905225e+02
-1.309624312792224146e+02
-1.309573347039455200e+02
-2.609843257800650917e+02
-1.256110258716635855e+02
-1.287668773785300687e+02
-3.719009067874974335e+02
-4.039913791787346895e+02
-1.255606731961685938e+02
-1.254774369248438717e+02
-1.292545199954951727e+02
-3.044013169191200632e+02
-1.289552183361355446e+02
-2.010344002025621801e+00
-1.341654633927118425e+02
-2.636115003289077094e+02
-1.275252492843108740e+02
-3.060844695890325262e+00
-2.671689643967747543e+02
-2.652604470968125270e+02
-2.183787822979136095e+00
-2.525578406815684218e+02
-3.586544667576475263e+02
-1.339095819667875276e+02
-1.300520028399832597e+02
-1.262320949226817532e+02
-1.290369438303122251e+02
-1.265769385642769578e+02
-1.331832310290134558e+02
-2.464086073653675157e+00
-2.770602673710629347e+02
-1.292110248173944740e+02
-2.695201213553805246e+02
-2.563224362028871610e+02
-2.333610721742165328e+00
-1.266726047968859348e+02
-2.511306384769322619e+02
-1.335764023452329639e+02
-2.504365407748456676e+02
-2.605189557570384977e+02
-1.311896263773401472e+02
-2.715565357392137571e+02
-1.237107507457248659e+02
-1.282053092227690740e+02
-3.267857147999417862e+02
-1.254078411455091100e+02
-1.355519431796637377e+02
-1.263085727862877121e+02
-2.553153976519189428e+02
-1.624358153336113109e+00
-2.452192804973965412e+00
-1.264036620405490225e+02
-3.657293835007865823e+02
-1.469795404066418953e+00
-2.501761952111903042e+02
-1.285534075172600694e+02
-2.687351467402574485e+02
-1.292060717251814026e+02
-1.278376121201250015e+02
-2.734856464106819089e+02
-2.644177223153964178e+02
-2.555768155957520946e+02
-1.271489155499336761e+02
-2.614918100365166538e+02
-5.103116218180005603e+02
-1.262642653366283412e+02
-1.267451881070805513e+02
-2.436205223699564328e+02
-2.466852435225156910e+02
-3.886797705420843272e+02
-2.582500767671468793e+02
-2.661022714692916793e+02
-1.303499636638097456e+02
-1.276289966276074495e+02
-1.305644397946766446e+02
-1.284896547377012155e+02
-3.802503290497595572e+02
-4.099496870752217887e+02
-2.495341483506463476e+02
-2.619583765729178708e+02
-2.686600517916602815e+00
-1.281733422637634590e+02
-2.513106115862546233e+02
-3.694943007408191988e+02
-2.687214886107295229e+02
-2.695778453776122205e+02
-1.287724002125840457e+02
-1.271494581240887669e+02
-1.284076973717892827e+02
-3.830697827345758810e+02
-1.504880585690603567e+00
-1.278378894659626752e+02
-1.291812024921418640e+02
-1.287316492613420849e+02
-2.528978881798829548e+02
-1.277475693456386807e+02
-1.305444318574170666e+02
-3.617241887032377008e+02
-1.316845283030286851e+02
-1.304043267099095260e+02
-1.301209760551534487e+02
-2.638815103697566542e+02
-2.653051013183008990e+02
-1.292148801640525448e+02
-2.506520261552691409e+02
-2.725925103039536452e+02
-1.590542057368493412e+00
-2.544798394552862817e+02
-1.306207084575919168e+02
-2.519404673182545764e+02
-1.287961401409291398e+02
-2.718958618073352795e+02
-2.584305065733619813e+02
-3.759529549919803912e+02
-2.655142134740918891e+02
-1.272326982917005012e+02
-2.509881573302741344e+02
-2.643612295135173440e+02
-2.550826751013558180e+02
-1.298899811568581413e+02
-1.279919746972621226e+02
-3.300160273517182077e+02
-2.757445273696158665e+02
-3.743132941975171093e+02
-1.290668306039730169e+02
-1.902179846143360997e+00
-2.671518787575533338e+02
-1.327912604859822068e+02
-3.727873867015826477e+02
-2.723130573800660272e+02
-1.332015547297781723e+03
-1.240830749971167961e+02
-3.763903854173696573e+02
-1.297189337283664088e+02
-1.278993997783049821e+02
-1.280432228047357057e+02
-1.275299463135109903e+02
-1.729059912037149038e+00
-1.288635330672265695e+02
-1.317824176237422762e+02
-2.324045491435428268e+00
-2.649461633444285553e+02
-2.540624573774333044e+02
-1.285218077930097706e+02
-3.915580790258415504e+02
-1.372714377964222576e+00
-1.754607189497243924e+00
-4.163925337499179022e+02
-2.610275215721742939e+02
-1.231865539703791654e+02
-1.265775176135615254e+02
-1.304854994029390696e+02
-2.649975667810744540e+02
-1.402366378213429465e+00
-1.298303176011710320e+02
-3.688681297000238146e+02
-2.244855624629201074e+00
-1.308532829586165462e+02
-1.281362659871019787e+02
-1.272572438862178643e+02
-3.689742596187456911e+02
-1.291760318422705609e+02
-1.310382139423160197e+02
-1.297614374462465037e+02
-1.339479976456815393e+02
-2.603671541301748675e+02
-1.808789512617002826e+00
-2.529594573588828155e+02
-1.293012101314895972e+02
-1.318602821207652198e+02
-2.851646038554544020e+02
-2.759342165343501279e+02
-1.551755658980186414e+00
-1.352641354000096499e+02
-3.857442465729911873e+02
-1.248694894034394025e+02
-1.304967440573106785e+02
-2.490441503398426448e+02
-3.897668662806996736e+02
-4.229119266119978420e+02
-2.520790313903738138e+02
-2.356024016274565813e+00
-2.557217303898434864e+02
-2.661224280336728043e+02
-1.276320618655314973e+02
-2.646591545926235085e+02
-1.319527392816891052e+02
-1.295403414004035199e+02
-2.641649093599237403e+02
-1.321136991445739000e+02
-1.314232837812978687e+02
-1.262921582102336373e+02
-1.287168313414601641e+02
-1.787111302248366451e+00
-1.292874456314839051e+02
-3.208239613717619818e+02
-1.297077677252014496e+02
-1.311295387037312707e+02
-2.542215076151982203e+02
-2.793851197579922996e+02
-2.814304305427696136e+02
-3.201493913647281602e+02
-1.267566553660819437e+02
-1.303962045221599340e+02
-2.378652257975929274e+02
-1.244339175495706371e+02
-2.706981570381256006e+02
-3.947319781184517069e+02
-2.406616214521560266e+02
-1.271575453284786335e+02
-1.282899485026657658e+02
-1.302031409570813025e+02
-5.945299002361972498e+02
-1.311102017399780379e+02
-1.267460538452375545e+02
-1.284865065739319903e+02
-3.786212889262726549e+02
-1.294038676855431902e+02
-2.790992858482372867e+02
-1.732212345469616999e+00
-1.285794375335872815e+02
-1.290311397251007861e+02
-1.475422549639442638e+00
-3.250089756572479018e+02
-2.656161428181444535e+02
-2.663510502656467906e+02
-3.333535888652546575e+00
-1.259017404413017545e+02
-2.606937358469846799e+02
-2.858876555946697522e+02
-1.322888708919269902e+02
-1.313109897857624162e+02
-2.545121724817630309e+02
-2.469048544656238562e+02
-1.308790565146220217e+02
-1.272043199501770800e+02
-1.267200494702353524e+02
-1.272788335730728306e+02
-1.288099861545005922e+02
-1.682618868151737113e+00
-1.297405536603874623e+02
-1.328160563641854992e+02
-2.775810256215241907e+02
-1.266965896339958420e+02
-1.279336473543043269e+02
-2.482129774628980101e+02
-1.297473470975827752e+02
-1.296597135880823544e+02
-2.820456879939313808e+02
-1.357194721080298052e+02
-2.532133734623719192e+02
-1.297316919646233373e+02
-1.292098126013612500e+02
-1.282102826282263095e+02
-3.550602251891404659e+00
-1.265330230315104387e+02
-1.339255137798247972e+02
-2.490306063460906216e+02
-3.299093922284960172e+02
-2.578160375008824303e+02
-1.272313044451897639e+02
-3.797261249944669999e+02
-1.304374293399201576e+02
-1.291007224642975189e+02
-2.538434386463028147e+02
-1.287507235461393691e+02
-3.751904167882024126e+02
-1.285745211964178623e+02
-3.612334664929447285e+02
-1.261768470562109279e+00
-2.408019307308064469e+02
-3.547668403591562196e+02
-4.062574236696666503e+02
-2.482604850921527202e+02
-1.305836332768444947e+02
-3.818096316704261994e+02
-3.763881036651000613e+02
-1.285352686252651608e+02
-4.414651568180835852e+02
-1.270405374516569736e+02
-3.611454804616690240e+02
-1.275526447500041627e+02
-1.295375882378609731e+02
-2.520986863117630321e+02
-2.509338097584951868e+02
-1.283491367670319017e+00
-1.272853797267862852e+00
-2.480777855953815560e+02
-2.823876800801184572e+02
-1.286888275386635883e+02
-1.276068168689873517e+02
-3.098423597691956957e+02
-1.417661689837901577e+03
-3.420452432216842453e+02
-1.260768785731734596e+02
-2.563759345049198828e+02
-2.565866299768651970e+02
-1.317357090144743665e+02
-9.573270435277690922e+02
-2.586884889867693005e+02
-3.828349945957635896e+02
-3.775103690116984012e+02
-3.705489678950336270e+02
-1.302737192623752946e+02
-1.261840100591681733e+02
-2.224774024110593107e+00
-1.208170346957193857e+02
-2.721355705849384243e+00
-1.285461991023140058e+02
-2.772101056099747325e+02
-2.732120579091830450e+02
-1.492109434777595833e+00
-1.929904003361978093e+00
-1.266887010423150173e+02
-2.616627845968130259e+02
-1.270106271286627475e+02
-2.461886627299464863e+02
-2.435623744119498326e+02
-1.233341281932716527e+02
-2.682123436151682654e+02
-3.471604220624779487e+02
-1.251961969322927075e+02
-3.800587363995757073e+02
-1.262161128540378314e+02
-2.803604830045686072e+02
-1.303068285530677883e+02
-2.663606066898806262e+02
-2.677541822560770015e+02
-1.277402170310192560e+02
-1.289951553245507796e+02
-3.898996856732454148e+02
-1.300261598007125770e+02
-3.460346644728589922e+02
-2.562777293132055547e+02
-1.267985716587075444e+02
-1.427996804583227641e+00
-2.471124640593294544e+02
-1.496639657704329052e+00
-1.271486751505103143e+02
-1.300470262181011947e+02
-3.002809688944576560e+00
-2.776667318930404917e+02
-1.272102241333646191e+02
-2.490877404251747009e+02
-1.286028109527540835e+02
-2.641064275706321496e+02
-2.400469861179550435e+02
-4.018919958399098391e+02
-4.627333802000682113e+02
-1.305558013825892649e+00
-1.301784535681268551e+02
-1.309896012433969759e+02
-1.339538846339821703e+02
-1.409707327305687707e+00
-1.292279797288722136e+02
-2.413123224634769031e+02
-2.860845244790309607e+02
-1.320145556031651211e+02
-1.257903828283927936e+02
-1.231604673220936519e+02
-2.675846693805980863e+02
-1.491879310003590531e+00
-3.901009412290895284e+02
-1.336389157147644653e+02
-2.627159386039676292e+02
-2.475251296439100486e+02
-2.595635390452530942e+02
-1.328788514591986711e+02
-2.597788138750017879e+02
-1.303391978231463213e+02
-2.665828696506759456e+02
-1.316902667938529703e+02
-2.458356536242421839e+02
-2.634978309448785581e+02
-2.626616482952088631e+02
-2.423663324625589439e+02
-1.558218518631008687e+00
-1.311352736105468466e+02
-3.530331789497690238e+02
-6.009707346003893917e+02
-2.655515455917940812e+02
-1.587717858382428293e+00
-1.313961605504805163e+02
-1.392157426674445642e+00
-2.831423828171947434e+02
-1.325279518800195433e+02
-1.267625259159042628e+02
-2.544577936870533108e+02
-2.585432795138815436e+02
-1.285064084182581325e+02
-1.312863611144730953e+02
-1.292569405178313389e+02
-1.296068654189638494e+02
-1.287270584854975937e+02
-1.309499327545413223e+02
-1.273069245668693696e+02
-1.319696271616437855e+02
-2.586545879772141916e+02
-1.293289556337468866e+02
-1.316614265440217366e+02
-3.010243175901447898e+02
-1.313895117452136718e+00
-2.416856725279134253e+02
-1.247181499556798627e+02
-2.481325684865346943e+02
-3.209204551891100436e+02
-1.278503032009644897e+02
-1.254271149869045985e+02
-1.289331802333522319e+02
-1.356287157121500115e+02
-1.309161413483179786e+02
-1.311483942308403483e+00
-1.293750752058381295e+02
-2.630458594874683058e+02
-3.458906478492538099e+02
-1.291673413823301928e+02
-1.484450096261011431e+00
-1.325762756491554342e+02
-1.278182610059499922e+02
-2.459019515174353501e+02
-1.239981153715296642e+02
-1.267197911585145533e+02
-2.391464731136967714e+02
-1.292800250478224768e+02
-2.464462903440153809e+02
-1.292748410316973207e+02
-1.332738565419402619e+02
-2.706804594833702140e+02
-4.430038676013837744e+02
-1.308452580021820495e+02
-1.304702533620973099e+02
-2.688289942925448486e+02
-1.378275782632640611e+00
-4.065884729786966432e+02
-1.284723435285334006e+02
-3.630640220833365106e+02
-2.036839601297575797e+00
-2.780412621298810905e+02
-4.325227474997291779e+02
-3.423344484381168513e+02
-1.337772392445318985e+02
-3.743711884006319792e+02
-1.288180182279778023e+02
-3.901679622350151249e+02
-1.261878548946578693e+00
-3.018150654579126240e+02
-1.273168677137816616e+02
-1.296696016139469805e+02
-1.283424739545133662e+02
-2.866545980261014392e+02
-1.300538451034996115e+02
-1.559671578858085939e+00
-2.455437266179273195e+02
-1.583997992394430065e+00
-1.307300065231013946e+02
-1.264656720211513345e+02
-1.341764258635192846e+02
-1.321643516131674687e+02
-1.311105645039183685e+02
-1.296891693193088884e+02
-2.612471027437404700e+02
-1.250073431179896630e+02
-1.279667773962764130e+02
-2.716556471017653394e+02
-1.293637300265717727e+02
-2.428953211442961901e+02
-1.308569667640352350e+02
-3.642711630727992542e+02
-1.301501855647653372e+02
-2.490492796987439590e+02
-2.479010276942052542e+02
-1.283711176739731172e+02
-2.507610796191930262e+02
-2.871114493226470472e+02
-1.319694367606057313e+02
-2.709418662445039558e+02
-1.346864883245490603e+02
-2.587410666979957909e+02
-2.551699671287630906e+02
-1.325538879187607488e+00
-2.589986866252031064e+02
-1.292012510608959985e+02
-1.940409044471887778e+00
-1.290791335802076834e+00
-1.333273997686770906e+00
-1.993579625166347125e+00
-1.298158671299042624e+02
-1.272013187418264550e+02
-2.461624192608801138e+02
-4.776049448526902097e+02
-3.745668053989423925e+02
-2.529505352920415078e+02
-1.804189498766171518e+00
-1.262737223348719624e+02
-2.692931727270753299e+02
-1.304604204198746515e+02
-1.309938114807592342e+02
-3.658971111498306072e+02
-1.306576650458476649e+02
-1.309317284306865190e+02
-3.639002256680354321e+02
-1.911101286762545204e+00
-1.308916955263029251e+02
-1.267829785447542150e+02
-2.605956495886477455e+02
-2.588760728014318033e+02
-1.264632830989057197e+02
-1.257455220691014262e+02
-1.287289746340257466e+02
-1.223111448024361323e+02
-5.243875039718454900e+02
-2.705831887440043033e+02
-4.728118417506700553e+02
-1.291276620993383517e+02
-3.370887583179103419e+00
-1.286953442748703651e+02
-1.299399636033022887e+00
-2.579402693011742258e+02
-2.671093857138729959e+02
-2.493321356398363378e+02
-2.662666483252725698e+02
-2.419212407973006691e+02
-1.284113621640019574e+02
-2.509176618838024524e+02
-2.643111428590481182e+02
-1.624318678467138621e+00
-2.553242845152965685e+02
-2.679689292025200871e+02
-2.743459069244442503e+02
-2.435499961966058606e+02
-1.303779820480107787e+02
-2.531184138736488478e+02
-1.304495828154942672e+02
-1.265322480230085773e+02
-2.543324485586862522e+02
-2.532635652631895482e+02
-2.831244772904205433e+02
-1.317243858889081309e+02
-1.319039625108582072e+02
-2.649539598311980058e+02
-1.400974605448707111e+00
-1.301730780230569735e+02
-2.515421875424429459e+02
-4.180629411262764279e+02
-1.292295524166029281e+02
-1.243598637780304728e+02
-2.562141273145559239e+02
-1.284601088156157687e+02
-2.395186421148429758e+02
-2.535887108975335309e+02
-2.813747471888303835e+02
-4.543854533191623659e+02
-2.660793373288857993e+02
-1.286991638487991452e+02
-2.823986794979918500e+02
-1.264865518135738824e+02
-3.739826243540211976e+02
-1.300413898193476712e+02
-1.263370685968416183e+02
-2.974318617251551586e+02
-1.287677811044380292e+02
-1.235260928083475989e+02
-3.753775959476228081e+02
-2.454250446182038274e+02
-1.252780129814183141e+02
-1.279816365398340992e+02
-1.244413987020444949e+02
-3.758290307842498805e+02
-1.285917844150278881e+02
-1.287630130273857674e+02
-1.634208576663767509e+00
-1.664005126393395928e+00
-3.790584476705993211e+02
-2.672641024279403155e+02
-1.317761544804542382e+02
-2.682124320577759136e+02
-1.278879849561218265e+02
-2.527112025322672366e+02
-4.002721557050990668e+02
-1.252286876044565105e+02
-1.294096541426243618e+02
-3.095966783840349308e+02
-3.090209393556149209e+00
-3.441451584919125821e+02
-3.730742321760936875e+02
-3.930978442024652395e+02
-3.139116197037274674e+02
-2.576045059926475460e+02
-1.295406720080457603e+02
-1.288353240142638185e+02
-2.625373497873792985e+02
-2.664474160257025233e+02
-1.467226867588209416e+00
-1.545720315918986065e+00
-4.478556203324173701e+00
-3.882093682359170543e+02
-1.325453235457242442e+02
-2.493401748402073110e+02
-1.200177950119978192e+02
-1.282791501085950756e+02
-1.308843478142822505e+02
-1.306346553646764441e+00
-2.526074103431626270e+02
-1.295403700516862102e+02
-4.348217158360927783e+02
-2.569193548235691082e+02
-6.176062678117459654e+02
-2.966548809363187047e+02
-1.266736469615095046e+02
-1.257316231434396343e+02
-2.529052339135093632e+02
-2.482943628839781240e+02
-2.408160535575769643e+02
-1.287549805934740732e+02
-2.587411065396304366e+02
-1.292476480034563053e+02
-1.323661798091972708e+00
-1.314465524618242682e+02
-2.583028582940682440e+02
-1.267087991222751100e+02
-2.703756426836388869e+02
-1.290469474970506951e+02
-1.287857488703236015e+02
-2.752303352379526586e+02
-1.291717491652918000e+02
-1.285469193420991871e+02
-1.298152952256496064e+02
-1.273348356624538047e+00
-1.298086488583244886e+02
-1.297803447889860138e+02
-1.286572066874769291e+02
-2.733364339275901500e+00
-1.275786005149611810e+02
-2.502300115748529663e+02
-2.572635556578770775e+02
-3.672443657968310617e+02
-1.301881236399622992e+02
-2.686771321807446498e+02
-1.267362603173702809e+02
-2.762110854632666701e+02
-2.419528921104998460e+02
-1.277274015861882361e+02
-2.538793004716890209e+02
-1.304721114885973634e+02
-1.288304723310621114e+02
-1.299626782850324389e+02
-1.285239494838613723e+02
-1.297346674717475139e+02
-2.737336080481063050e+02
-3.966424016848234260e+02
