-7.535318168852153349e+02,-1.603279540052277525e+03,-1.359182077713866192e+03
-1.311297864428667481e+03,-9.055723753820479942e+02,-1.394290615880039013e+03
-1.090695910843950969e+03,-1.036815027981602043e+03,-1.292389228905313303e+03
-1.044476050546114948e+03,-1.420091110825067972e+03,-1.294249485850889414e+03
-9.915851415101926705e+02,-9.517751353258718154e+02,-1.333662018736708205e+03
-8.561439514240809103e+02,-1.527600528986805557e+03,-1.610492959719536657e+03
-1.611779106603975151e+03,-1.598565186222167767e+03,-1.327887219346283700e+03
-1.675283394452809944e+03,-1.351437112657243688e+03,-1.219523803724890058e+03
-1.073762896871180601e+03,-1.401390104500475900e+03,-1.649678581121439720e+03
-1.672138722282615845e+03,-1.354830237731340958e+03,-1.019929068398807658e+03
-1.832391110523270982e+03,-1.098155956421150222e+03,-8.874760042203708963e+02
-1.144067159702088702e+03,-1.304244031737438718e+03,-8.888110097890094039e+02
-1.669254433451374780e+03,-1.247154636039866546e+03,-9.089884365728357807e+02
-9.675535773745248207e+02,-1.154309130370515277e+03,-1.011001834119405316e+03
-1.297106089191087449e+03,-9.049455515237879126e+02,-1.138111609941761117e+03
-1.061392739966493991e+03,-1.228795499382944399e+03,-1.430383095685041553e+03
-1.424388120341385729e+03,-1.661233375347760557e+03,-1.571851584771859052e+03
-1.019554249091241672e+03,-1.066986104554188614e+03,-1.477519183522920457e+03
-1.270117343938145495e+03,-1.321947524082025666e+03,-1.543179950368233222e+03
-1.149939462472305649e+03,-1.497487463239290264e+03,-1.483529264899073723e+03
-1.200005017198270480e+03,-1.417897001959166346e+03,-1.316419723211653491e+03
-8.859759265352220154e+02,-1.268024170923778001e+03,-1.157973269147483279e+03
-1.034173884414670283e+03,-1.141697529515140559e+03,-1.311926388571472671e+03
-1.037343252523707406e+03,-1.134248108249565121e+03,-9.185895526861271492e+02
-1.162014115217524932e+03,-1.252798914699038278e+03,-1.251124945887511558e+03
-1.013568120242322266e+03,-1.376806255627599967e+03,-1.290686935522163594e+03
-1.093692381698978579e+03,-1.347208880211320547e+03,-1.220012874192687377e+03
-1.052610973352460178e+03,-1.216115321427150093e+03,-1.137364004445120827e+03
-1.284041559777243492e+03,-1.178333028697660438e+03,-1.032679690913775175e+03
-1.110390865447865508e+03,-1.391003623128061236e+03,-1.400573062893466840e+03
-1.423947551143657165e+03,-1.439290485231880666e+03,-1.061386870613954443e+03
-1.045629499739080075e+03,-9.720156723001043702e+02,-1.108223842899855981e+03
-1.043776996563037528e+03,-1.147273261529511728e+03,-1.181190064225403376e+03
-1.164108553726209038e+03,-1.078778630097658606e+03,-1.198626675418747027e+03
-1.110333117931632387e+03,-1.420144254792081028e+03,-1.004091068542090284e+03
-1.108427011043418588e+03,-1.436579400247136846e+03,-1.028219989159676061e+03
-1.499818925872554928e+03,-1.384127712652598575e+03,-1.008960853030431053e+03
-1.045406384963278697e+03,-1.403835885407046135e+03,-9.966998382779713666e+02
-1.213749557382541298e+03,-1.083773060047718445e+03,-1.341192012778590197e+03
-1.044867057381021823e+03,-1.254654560236100679e+03,-8.996067455958846040e+02
-1.097985060720138790e+03,-1.386415547708651729e+03,-7.859780988713790748e+02
-1.139418265518433827e+03,-1.396540801582529639e+03,-9.750734164279211882e+02
-8.926991590126148139e+02,-1.375759746415755217e+03,-8.675383270823555222e+02
-1.056329885554616340e+03,-1.235452337370315945e+03,-7.542201028101645761e+02
-1.152047563994397933e+03,-1.416749566486959111e+03,-7.514634825681108623e+02
-1.163785238282564478e+03,-1.207696832382400544e+03,-1.226297956839714288e+03
-1.044602712635349008e+03,-1.491949035339732973e+03,-7.487537381749930319e+02
-1.323465141029757206e+03,-1.404188989743692218e+03,-1.216444614372842352e+03
-1.554944207687658945e+03,-1.328812317044566043e+03,-1.002221245286434510e+03
-1.111953641927882018e+03,-1.427442074942913678e+03,-1.063335469851822381e+03
-1.015150396689504419e+03,-1.177305068534762540e+03,-1.075043510025977412e+03
-1.307708649668719318e+03,-1.280642555809582973e+03,-9.110463291741272087e+02
-1.212754966449040467e+03,-1.255402793215026804e+03,-1.088063371284398045e+03
-1.138145531226999083e+03,-1.185169763487283035e+03,-9.643076816332912813e+02
-1.180934599177220207e+03,-1.309494222752425003e+03,-9.902947168567777680e+02
-1.508282382249432203e+03,-1.414139839640351056e+03,-9.064887579888676328e+02
-1.008488973383242183e+03,-1.282390085445747900e+03,-9.826678676150951333e+02
-1.055903674759229489e+03,-1.215371313919091790e+03,-9.948993373339586697e+02
-1.260078539302027139e+03,-1.200606606710938422e+03,-8.728416375271560810e+02
-1.047669450032629584e+03,-1.519537191366121533e+03,-7.671695836644832980e+02
-1.053931426238570339e+03,-1.232116094204608771e+03,-8.794149325585209453e+02
-1.354707031221330226e+03,-1.374006320810229454e+03,-9.030451319245207742e+02
-1.139871955625634428e+03,-1.341910752542589989e+03,-1.234295666878754673e+03
-8.562498272974805786e+02,-1.077985547840525896e+03,-8.921876598846654360e+02
-8.840299982043824230e+02,-1.402712987797969163e+03,-9.573778185370999836e+02
-1.052733578443139095e+03,-1.224211594135670339e+03,-8.718793251049060018e+02
-8.962763535422330961e+02,-1.121164305336631514e+03,-8.953524978472786415e+02
-9.352122659910594393e+02,-1.076959659680792356e+03,-8.826043463503243629e+02
-1.085634230269564569e+03,-1.193702402859412359e+03,-8.313885059162471407e+02
-1.019748864554101033e+03,-1.561295416488350384e+03,-8.881665529382701152e+02
-1.118132316347752294e+03,-1.524354846038677124e+03,-9.074493726680747159e+02
-1.424191378878228761e+03,-1.355864576478158824e+03,-1.063720243675920983e+03
-1.127421182602552335e+03,-1.209422944712078788e+03,-6.605879600422999829e+02
-1.110533251091200100e+03,-1.514716259593924860e+03,-7.709651211807830578e+02
-8.925543463023283266e+02,-1.303769342357165442e+03,-8.006501814890103788e+02
-1.089378703536278636e+03,-1.074163585715009049e+03,-8.156888697179249448e+02
-1.036114286735867154e+03,-1.334332119860972853e+03,-1.186779811515823440e+03
-9.541444265174968677e+02,-1.454511394499395237e+03,-7.802721147039532070e+02
-9.768070732276311219e+02,-1.455425366881875107e+03,-8.037093365667558373e+02
-9.018339795766274847e+02,-1.488479905755481695e+03,-1.101385219356212474e+03
-1.185560647859525261e+03,-1.291055414272917233e+03,-6.466492486548301031e+02
-1.068018767626303315e+03,-1.399063402330779809e+03,-7.759748171164037558e+02
-1.102245701926811307e+03,-1.298262624963588905e+03,-7.804791720642112978e+02
-1.200051398611797595e+03,-1.304588839005582258e+03,-9.380209344064315928e+02
-1.510624744068675227e+03,-1.412777058440107339e+03,-6.526584231310135920e+02
-1.105256344363518565e+03,-1.456517093409790959e+03,-1.134007428459838366e+03
-1.503534510544178829e+03,-1.068015167698049936e+03,-9.099880823011652637e+02
-1.197025799960407312e+03,-1.082734229997252442e+03,-6.689826502105344161e+02
-8.674686028206847368e+02,-1.115345427598977494e+03,-1.009071850961738960e+03
-8.800860711051794851e+02,-1.195938533722870488e+03,-6.703565570909208873e+02
-7.754598463574628795e+02,-1.457247704976300838e+03,-5.728383658778108156e+02
-1.075350507802912034e+03,-1.504486568163037873e+03,-6.437228231443567665e+02
-1.198370167093391728e+03,-1.188287782139391538e+03,-2.641398563784402995e+02
-1.084169768852650577e+03,-1.161874726706948877e+03,-2.607846699127694592e+02
-1.079031629898934852e+03,-1.436127292887028943e+03,-6.531249906806934860e+02
-1.146724442501030353e+03,-1.446289593179862095e+03,-6.627719890122835977e+02
-7.868301442772657310e+02,-1.416350503614199170e+03,-6.560565981458665874e+02
-9.485822373852978444e+02,-1.707984446790335369e+03,-6.489715805038035796e+02
-8.868745011635614901e+02,-1.675786094218689868e+03,-6.847040726335467298e+02
-1.073245769146526754e+03,-1.242145661215273776e+03,-6.972763381456725256e+02
-1.183992273947488911e+03,-1.616956006345665173e+03,-1.181185995645982757e+03
-1.277856597315814497e+03,-1.161761488118749867e+03,-1.049719438374024321e+03
-1.421222663590317325e+03,-1.319183599967990631e+03,-2.674197654281235828e+02
-9.703985187070971961e+02,-1.163335414902501043e+03,-9.212025819737895063e+02
-1.108473095942821146e+03,-1.246407181413337184e+03,-1.061374568334407968e+03
-8.555608041187686013e+02,-1.129580260365237791e+03,-1.069823189236762573e+03
-9.801955607130468024e+02,-1.288736906720349452e+03,-9.322998577033995389e+02
-9.638066474018738745e+02,-1.228430602182007306e+03,-9.443910630924149245e+02
-1.321081645138225895e+03,-1.163618782748328158e+03,-1.203753559005352372e+03
-1.068667381254895645e+03,-1.636833884984662291e+03,-6.970688445174869230e+02
-1.392588701950712675e+03,-1.227165749653787088e+03,-6.534002183729280659e+02
-1.321515034948634366e+03,-1.075499537705115472e+03,-4.003758898884648261e+02
-9.892921896249399651e+02,-1.455584838033792494e+03,-2.625794749040733791e+02
-9.762672405651536565e+02,-1.173445776748307708e+03,-9.866940170485894441e+02
-1.302358088118400929e+03,-1.140376991052874473e+03,-6.476695941010831348e+02
-1.077355734266438276e+03,-1.615528247020880599e+03,-3.914997516565975388e+02
-1.207376688442501063e+03,-1.404378324871284804e+03,-2.381618230065515096e+00
-1.055265112510899598e+03,-1.282507684053347475e+03,-2.575004087065473186e+02
-9.655284700391219985e+02,-1.225867165633489776e+03,-2.669543054344881057e+02
-1.243702410171898009e+03,-1.182723744524909762e+03,-5.278803497095485682e+02
-8.220539821112607797e+02,-1.195052647109803047e+03,-9.081426599653913172e+02
-8.548862571652454108e+02,-1.250387468640888983e+03,-7.747393817971708359e+02
-8.284292193820049306e+02,-1.195004728381370796e+03,-9.509923700038506240e+02
-1.036021058155414948e+03,-1.200443041501869629e+03,-1.470710332234249629e+00
-1.250366148664367074e+03,-1.305444796149462718e+03,-6.423059247814054515e+02
-1.184404628482785938e+03,-1.180462908496988803e+03,-3.812919347078536134e+02
-1.204505750451127597e+03,-1.203458723158342309e+03,-5.132934659496231689e+02
-1.405962442459280055e+03,-1.618669974812220289e+03,-1.526647707008888633e+00
-8.598146873838524016e+02,-1.201695563586190474e+03,-2.533178127669475259e+02
-1.079455543467485541e+03,-1.207719554769761089e+03,-2.191131954089875933e+00
-9.873832757741258774e+02,-1.362466142812642602e+03,-6.502194066762742750e+02
-1.161016559509597300e+03,-1.466541026241633972e+03,-7.827080426926859218e+02
-8.603131218610727728e+02,-1.346004799498105967e+03,-2.561182897132964058e+02
-9.068982964656700005e+02,-1.514953801777259969e+03,-7.871026071515783542e+02
-9.747131220697866638e+02,-1.382838406853949436e+03,-6.454630558435882222e+02
-1.074546923406683391e+03,-1.304366534037888869e+03,-3.785806437671356548e+02
-1.391828746166017027e+03,-1.570329814869177653e+03,-6.000163625015667321e+02
-7.704707893766689040e+02,-1.177455267047369489e+03,-3.826214036074098885e+02
-1.121575847594240031e+03,-7.703939683044404774e+02,-2.615297410915449063e+02
-1.336024670999709087e+03,-1.276765382252968948e+03,-2.610728382289926230e+02
-1.010693534560729631e+03,-7.281330760404397324e+02,-3.939081790032618073e+02
-1.527837161989385777e+03,-1.621393676323968293e+03,-2.573672760146675387e+02
-9.785275101781651301e+02,-1.273015789438867159e+03,-5.131732017794730609e+02
-1.087062525221017495e+03,-1.336575765489715877e+03,-9.245492510034044926e+02
-1.076033515907734682e+03,-1.227161838148403831e+03,-1.328280402863974246e+02
-1.371410307648639900e+03,-1.639111486684021656e+03,-2.609239684221670927e+02
-1.230791162834977285e+03,-1.237836659685340919e+03,-2.582801014181672485e+02
-9.624751398027408413e+02,-1.612998463337065004e+03,-1.090161141585014981e+00
-1.203825324204954995e+03,-1.168400160076080056e+03,-3.907864455093100560e+02
-1.340506569323329813e+03,-1.327488573655163464e+03,-1.269480231305086022e+02
-8.709501244539599156e+02,-1.621649295568099433e+03,-1.289060803600019653e+02
-8.613787753972950441e+02,-1.639470816438982638e+03,-1.333255025094865971e+02
-9.690522546711614496e+02,-1.154027623175630652e+03,-2.572336226736950948e+02
-8.480365076251101755e+02,-1.455191983757613798e+03,-3.880791575182994393e+02
-1.128478467415037130e+03,-1.072493210779510946e+03,-2.557676357754899641e+02
-8.851063604425979747e+02,-1.661732893813798910e+03,-5.477771966225712958e+02
-1.478092916795450947e+03,-1.315819629097919233e+03,-1.014822754766816049e+00
-7.479805670063229854e+02,-1.172921611888244115e+03,-5.150366107000767215e+02
-9.062515769340693623e+02,-1.137744599897125909e+03,-1.190397495526750449e+00
-8.807189017232136621e+02,-1.333370637569737255e+03,-2.566639476840967973e+02
-1.094725587782628281e+03,-1.470907956539462475e+03,-1.276228682587955490e+02
-1.241675589507041650e+03,-1.591762367417621135e+03,-1.612284518286314551e+03
-1.170186674190663098e+03,-1.141053873340737027e+03,-1.240396473010497971e+02
-8.699613460395675020e+02,-9.268661767177558204e+02,-1.307881666007800447e+02
-1.490166906962956091e+03,-1.134962370522702486e+03,-7.723536449404415407e+02
-8.997304402153558840e+02,-1.382165090975526027e+03,-1.219854066680073288e+02
-1.087260490034403347e+03,-1.656173260251083320e+03,-1.037903165867400501e+00
-8.263433920271360194e+02,-1.312881086162964493e+03,-2.562860483404969045e+02
-1.462225076321200277e+03,-1.612237650889853739e+03,-1.335049565462058885e+00
-7.634312405945286173e+02,-1.117607210360690942e+03,-1.300376952803960648e+02
-1.024767253154456057e+03,-1.662210281843768598e+03,-5.508385949502027188e+02
-1.104501804381903867e+03,-1.225582796586367522e+03,-1.585634021739741911e+03
-1.486475085443597209e+03,-9.220055632269660464e+02,-1.306145411527399745e+02
-9.719808042411450515e+02,-1.187586662428033833e+03,-1.035681420624138704e+00
-1.211461197914939703e+03,-1.338006416712083819e+03,-4.712649109584792768e+02
-9.003356216329414110e+02,-1.551938192065269504e+03,-3.682452930438034855e+02
-9.559659909762577854e+02,-1.181701826320797636e+03,-9.737599991479900519e-01
-9.754456997140703152e+02,-1.145571067700356707e+03,-1.014240844980192264e+03
-7.824143176133991346e+02,-1.040551897471120583e+03,-8.083853079711724376e+02
-7.766362959914052908e+02,-1.628434826120957268e+03,-1.296006787313706354e+02
-6.211081147273411034e+02,-1.232513748519755154e+03,-6.372638640982411289e+02
-1.077842834777020244e+03,-1.182505661992544447e+03,-1.195501706823559516e+03
-1.012666216071786835e+03,-1.246696054909405802e+03,-2.583394733158671102e+02
-1.163458424077224890e+03,-1.074551852390080739e+03,-8.008293275687112782e+02
-1.191088022029360218e+03,-1.614677437745535826e+03,-2.668932256964787939e+02
-1.528425054686152862e+03,-1.061508860153912792e+03,-4.140860114956690268e+02
-1.099353110345861978e+03,-1.620385874104514869e+03,-2.741239283930153192e+02
-1.009315834114337690e+03,-1.283789806007738207e+03,-1.040740544037164872e+00
-1.335358637725497829e+03,-1.348540939769839952e+03,-3.732713373447655840e+02
-1.075935363181142975e+03,-1.326379428205951399e+03,-1.217224975758464183e+02
-8.770116951009579225e+02,-1.242165739578776765e+03,-1.279997054832024759e+02
-1.244515962152366001e+03,-1.170632268270548593e+03,-2.488006620331061640e+02
-9.032245153046848145e+02,-1.082794450965500801e+03,-8.782136940309892559e-01
-8.920199521896654460e+02,-1.317858448924906952e+03,-1.268619596982372002e+02
-1.358147347281027351e+03,-1.673195614783496467e+03,-1.341001104349755906e+02
-7.789948404031918017e+02,-1.083627063214094051e+03,-3.260153569145264552e+00
-1.038868698940381591e+03,-1.462007572517085464e+03,-2.066072243491128724e+00
-8.823169046500139530e+02,-1.458102293285501673e+03,-6.303185444105999977e+02
-9.079724549988602575e+02,-1.085290913327869248e+03,-1.304404549279184096e+02
-8.559317542625060469e+02,-1.418345052500908196e+03,-1.316758575904204918e+02
-8.433813487047266335e+02,-1.027428007292890243e+03,-2.413921249127048156e+02
-1.314751430621784493e+03,-1.436432187868221490e+03,-2.637288786467298678e+02
-1.304265995492780803e+03,-1.175237974954746278e+03,-2.486949202053074259e+02
-9.504223418620624670e+02,-1.017292870024426747e+03,-2.530542279332936459e+02
-1.349221689306511280e+03,-1.598124732874534175e+03,-1.176791584995280360e+00
-1.076330165505865807e+03,-1.274643440938990352e+03,-2.577393460757477897e+02
-1.504676130391444531e+03,-9.068464044212764747e+02,-1.309967690842817092e+02
-7.413122550886944282e+02,-1.073014279324466997e+03,-1.075320852788893944e+03
-1.353609647100352731e+03,-1.284220625485963183e+03,-1.358827403456521097e+03
-1.222015272810538818e+03,-1.532796565461932005e+03,-1.336341751458120655e+02
-1.452570552986423763e+03,-1.079176652590037520e+03,-2.585831306243995868e+02
-1.241823208154988833e+03,-9.205807804875787497e+02,-1.396121019709115217e+03
-7.584445094934285407e+02,-1.015404855100266786e+03,-1.268172855971337043e+02
-1.219259593996629064e+03,-1.308658211352592161e+03,-8.781108875352660048e-01
-1.562005957631857655e+03,-1.338879595979055694e+03,-5.253943305402440274e+02
-1.074792776962873859e+03,-1.072704944703481488e+03,-5.079099243741829923e+02
-9.554447335883943424e+02,-1.081546635427526326e+03,-1.623710695276391789e+03
-9.574052044568041993e+02,-1.061812865128650401e+03,-2.617836020678526552e+02
-1.203905669103877926e+03,-1.738298731690020759e+03,-7.773092669870165992e+02
-1.222529412132715606e+03,-1.050932304322265736e+03,-6.883100646867807200e+02
-7.548496781654927190e+02,-1.073671429477016090e+03,-7.607624704795823618e+02
-1.326004892073182191e+03,-1.095934789081470626e+03,-4.231056201596769029e+02
-1.192951564651257968e+03,-1.437299240621040099e+03,-1.398563152834545020e+00
-1.203563653458492126e+03,-1.281701663177091632e+03,-2.548605934092936707e+02
-1.350588398295627030e+03,-1.209627834133036004e+03,-1.304309649301341949e+02
-1.101918553963281965e+03,-1.192035229465817338e+03,-3.754361122038941403e+02
-1.318115292590116269e+03,-1.092593926472766952e+03,-6.657961010942883604e+02
-1.112462170726269051e+03,-1.723828182310663351e+03,-4.999173090486720525e+02
-8.416980419336149453e+02,-1.094849568070890200e+03,-9.320213464107570189e+02
-8.420462755942185140e+02,-1.365612143771736555e+03,-5.103106580046712111e+02
-1.186740100179453066e+03,-1.191082424210901991e+03,-2.450669677236597579e+02
-8.735517768222701989e+02,-1.602835822279714876e+03,-1.253726965538808136e+00
-9.592118218680700465e+02,-1.341378431470484202e+03,-1.246226566545354331e+02
-8.382370563693938266e+02,-1.318242274352942331e+03,-8.755492883891681686e+02
-8.723641123023103319e+02,-1.283927295030141295e+03,-4.951289623836344163e+02
-1.029646896686787841e+03,-1.599404515892525296e+03,-5.619175072771848818e+02
-1.252412744873172414e+03,-1.291539520059915048e+03,-3.641631352850464509e+02
-7.494201285864768352e+02,-1.362730561217454806e+03,-3.791558017414919846e+02
-1.269528355938937466e+03,-1.592173420209526057e+03,-1.288003993035201518e+02
-6.668916913461519016e+02,-1.248439318295798330e+03,-5.009498284111353428e+02
-7.764761080125369972e+02,-1.575219785443174942e+03,-2.524678775285679819e+02
-9.701312793854858683e+02,-1.571168921139354325e+03,-6.098250472111723184e+02
-7.473817565291003575e+02,-1.124378686925122565e+03,-5.316179243624206947e+02
-9.672925897689810881e+02,-1.073261795934768770e+03,-2.445123154533416425e+02
-8.895727926997852819e+02,-1.312341669871227850e+03,-4.730776012612548129e+02
-9.898644043665384515e+02,-1.346542377775641398e+03,-1.277025338753012278e+02
-9.357774411780768560e+02,-1.383551185025996574e+03,-6.726247885323215314e+02
-9.116821148981081251e+02,-1.561026257884741653e+03,-5.287414308390507358e+02
-7.577495422577072759e+02,-1.239067501591929158e+03,-1.268382817022260127e+02
-8.689670019507281040e+02,-1.307652644006421497e+03,-8.829990836045302558e+02
-1.089188506969820310e+03,-1.551866814148797403e+03,-5.166042588816678744e+02
-1.165838174715521518e+03,-1.090533266333452957e+03,-2.560958068632100435e+02
-9.897002613114626683e+02,-1.152281630594229455e+03,-3.706261559510830921e+02
-9.141647364340728927e+02,-1.597978861850956719e+03,-2.594858642658780354e+02
-9.778229310724244669e+02,-1.580438096983271862e+03,-1.287246322959209692e+02
-9.088779327096389125e+02,-1.320087142775859320e+03,-1.308376513793127458e+02
-1.093419817803555361e+03,-1.597101433430583256e+03,-6.735741403171606407e+02
-1.494614507899266528e+03,-1.259495477746560482e+03,-4.132774404882926547e+02
-9.856610571177941438e+02,-1.365262739631182285e+03,-2.564159399878404884e+02
-9.980862285456693144e+02,-1.184111696064933994e+03,-2.589108967456178902e+02
-8.724367696088864932e+02,-1.559530759662334731e+03,-1.269747554308893598e+02
-7.992806138945106795e+02,-1.087828194925654770e+03,-7.793385447335539311e+02
-9.760104694632216251e+02,-1.144484748909157133e+03,-1.289622305926243939e+02
-8.428349018330976605e+02,-1.382364694202705550e+03,-4.148652208412420350e+02
-1.241948179001020662e+03,-1.312060249740516156e+03,-3.808738892900856285e+02
-9.552506459296029107e+02,-1.579693756141862650e+03,-3.773956696427502493e+02
-7.196773658692939080e+02,-1.075083687786863948e+03,-3.892419996294781299e+02
-7.648689878392558512e+02,-1.296687429872708208e+03,-1.254078179232020602e+02
-1.588633937825834892e+03,-1.148690586487159408e+03,-5.329090332515748969e+02
-9.802150205399613014e+02,-1.166364666362939261e+03,-2.650343903271043473e+02
-9.952024139208248243e+02,-1.531662574180714955e+03,-5.267425928612992720e+02
-7.623715808143280128e+02,-1.179865434070551601e+03,-3.848593319131522321e+02
-8.679163446285924692e+02,-1.435227893384152821e+03,-1.302890073113052267e+02
-9.500358141532973377e+02,-1.469852626729655412e+03,-1.277959487391674998e+02
-9.790073999501847766e+02,-1.506352344218332973e+03,-3.817970798640710655e+02
-8.878254694442827031e+02,-1.587068591958720617e+03,-5.042639201995397684e+02
-1.363777284874666066e+03,-1.623552825359562348e+03,-3.265750519660273188e+00
-9.901433783471637753e+02,-1.575179944718205434e+03,-2.623089413089849131e+02
-9.983814045950765603e+02,-1.073340716421167599e+03,-1.256713693963782532e+02
-8.531580770173134169e+02,-1.051447008006893611e+03,-2.598072866428509542e+02
-1.177271834485190993e+03,-1.346779854438646225e+03,-1.281603642602444779e+02
-1.074172097108669050e+03,-1.041288834702368149e+03,-1.382126867672173148e+03
-1.148157494671962922e+03,-1.313352881111143461e+03,-1.294953023251453601e+02
-8.512104464828921664e+02,-1.257621563984750765e+03,-1.302965994974699697e+02
-1.358189051546798510e+03,-1.204139408541103649e+03,-1.325918707288748806e+02
-9.692786830704924341e+02,-1.589764256149934909e+03,-9.140980056806340599e+02
-1.004333907072224406e+03,-1.111251069408333933e+03,-4.036603241574889580e+02
-1.083283305644450365e+03,-1.176760349658619361e+03,-2.688101140384076757e+02
-1.107793102614331247e+03,-1.654112289767099128e+03,-1.406593147690886170e+00
-9.060564543859684363e+02,-1.098360858952027456e+03,-7.067101508400319290e+02
-7.881115178936927350e+02,-1.300964900892823152e+03,-2.574549869255336603e+02
-1.220490364678398464e+03,-1.572322824339934641e+03,-1.274899417246948303e+02
-1.031237119584332731e+03,-1.570204786520319658e+03,-5.046010291005325143e+02
-6.297466769852285324e+02,-1.269084136548258812e+03,-1.301177008996476161e+02
-1.178146937271450042e+03,-1.181136611461078246e+03,-1.244696273706359904e+02
-1.454311954036812267e+03,-1.284330840250849633e+03,-8.974755126046085252e+02
-1.305604708387527353e+03,-1.870621416028435078e+03,-6.903935281603555723e+02
-1.001333278809695798e+03,-1.619302996866112153e+03,-1.305532564643640967e+02
-1.068166502020818825e+03,-1.340577786794198801e+03,-3.845565464458879887e+02
-8.948937594921305845e+02,-1.138871895297852461e+03,-5.024833041333156416e+02
-1.249517767199565469e+03,-1.296732943446773788e+03,-2.607486659712239998e+02
-1.072991826689282334e+03,-1.093963819768925987e+03,-1.278049952943067922e+02
-1.271233395553693754e+03,-1.125989075718273625e+03,-1.359364251317918049e+00
-1.090829882044048873e+03,-1.173363355446710102e+03,-1.309185048557472157e+02
-8.445660843425855546e+02,-1.330352648507950107e+03,-6.794201151008076067e+02
-1.488536425441073106e+03,-1.563143618463662733e+03,-1.326828913122934717e+00
-1.430344814969397021e+03,-1.277703114289597352e+03,-1.631983648110779006e+00
-8.157725843991821648e+02,-1.245325666529219916e+03,-2.536995926243106112e+02
-1.327218481190222974e+03,-1.422048079127728670e+03,-1.117374117806225058e+03
-1.092634724791174676e+03,-1.316771622237642760e+03,-2.638816671459491658e+02
-7.442491427018140939e+02,-1.223541694332619045e+03,-3.757184571281371177e+02
-9.719890109989207758e+02,-1.131968102285038640e+03,-2.494076306987639384e+02
-1.089560036166007649e+03,-1.119259206268697881e+03,-2.775008045435757253e+02
-8.873004571499901658e+02,-1.344165937216866723e+03,-4.841082693947491293e+02
-1.143863979481381421e+03,-1.505019005965606311e+03,-5.027539239874861892e+02
-1.035015736477179644e+03,-1.267614239111196412e+03,-1.252748182276074829e+02
-8.872577441693402989e+02,-1.503119504007913747e+03,-6.156427235252274386e+02
-9.088869171170063055e+02,-1.522370504522600640e+03,-7.652315943569483352e+02
-5.138844714610110032e+02,-1.569702264763653602e+03,-2.661484982850789720e+02
-1.023437274483695887e+03,-1.138712574813321453e+03,-1.249054686264173597e+02
-7.465412625319213475e+02,-1.678126050277271816e+03,-2.521660011692497392e+02
-7.577198167933049717e+02,-1.481967161095216170e+03,-1.281008476702373855e+02
-9.035509800209240439e+02,-1.091796153229350693e+03,-2.496252344806199517e+02
-8.698953570021363930e+02,-1.449966818091368168e+03,-2.655357504067596892e+02
-1.321119109452039766e+03,-1.263276521808165171e+03,-1.280868435031721901e+02
-7.714808057578865146e+02,-1.290650363309496925e+03,-1.280137909481444751e+02
-9.843454501793744384e+02,-1.143963585948530863e+03,-1.931454892700421588e+00
-8.676358608399478953e+02,-1.565037078565802176e+03,-1.321710665243319927e+00
-1.208362720688693571e+03,-1.341324383880991491e+03,-1.301523648327007834e+02
-8.639327585928175495e+02,-1.333076325380159687e+03,-5.081197838407160816e+02
-7.562888212282086897e+02,-1.314139677670468700e+03,-1.248036499096732967e+02
-1.046825947997010189e+03,-1.165040574519738357e+03,-1.307317195113712103e+02
-9.514562185317656713e+02,-1.169107404980278716e+03,-2.277770701684961097e+00
-7.413825095695926848e+02,-1.330077037411843776e+03,-2.604677077972822872e+02
-7.697790796970066367e+02,-1.273700499667880877e+03,-1.250380930031178792e+02
-1.095804288949185548e+03,-1.199995660058458043e+03,-1.293095495432221185e+02
-8.288029942301187702e+02,-1.153179544919724549e+03,-3.874922631808128131e+02
-8.909185960471418184e+02,-1.329528993145175264e+03,-4.312613867961183018e+02
-7.652998278175166433e+02,-1.258249560612883215e+03,-1.279983637163439454e+02
-7.405007568734831693e+02,-1.521205653565804369e+03,-2.539280331993701623e+02
-1.614453029965233554e+03,-1.179624598588532535e+03,-1.222695000658049338e+02
-1.532729515893307962e+03,-1.329130684116702696e+03,-2.226333493479094372e+00
-1.038918671817993527e+03,-1.284238011588504378e+03,-1.267036033177174517e+02
-7.649282739037530519e+02,-1.182381326115754746e+03,-1.267926208643341681e+02
-1.260748541265492122e+03,-1.315364774995229482e+03,-4.102407207836161547e+02
-8.662984482159433810e+02,-1.608028131169819062e+03,-2.586142456457352523e+02
-7.698636616664093708e+02,-1.540103719343854436e+03,-4.010228993030895026e+02
-8.027103004863372462e+02,-1.614808903350809942e+03,-2.557120140888921753e+02
-8.761240590236552634e+02,-1.173186863746036352e+03,-1.527312495687839666e+00
-1.026383111881769310e+03,-1.491085452062086915e+03,-3.965093100480451653e+02
-8.912929862409496309e+02,-1.356995279353328897e+03,-3.841448337131935205e+02
-9.031353086531815961e+02,-1.801156237670695873e+03,-1.273540844551634450e+02
-7.659765394988993421e+02,-1.142678884685153434e+03,-2.594193584306149774e+02
-1.438049679263584494e+03,-1.292685138679336660e+03,-1.300420448675071725e+02
-9.954305230594095519e+02,-1.244347327758684742e+03,-1.266439907845379906e+02
-9.256507486787686503e+02,-1.609547402847387275e+03,-1.726416166137805249e+03
-9.676095571803025450e+02,-1.205322887432353809e+03,-2.623237468160608046e+02
-9.732662837565252403e+02,-1.184997777709793581e+03,-1.272434869622931046e+02
-9.594982342984872048e+02,-1.201859376203464990e+03,-2.558968317527898080e+02
-1.230693379711774924e+03,-1.149238759288365145e+03,-2.639043112671205336e+02
-9.064295359128963128e+02,-1.272029707032497754e+03,-1.129354502561624258e+03
-8.545947543855381809e+02,-1.119924710386442484e+03,-2.429205771452517695e+02
-7.171589917049444693e+02,-1.315314880822504620e+03,-1.301112733001351387e+02
-8.560422957849392560e+02,-1.131582910323452552e+03,-2.452134567904469691e+02
-1.150499996124839754e+03,-1.385249467087618314e+03,-1.716345942744034847e+00
-7.702160311006043685e+02,-1.198763911694660464e+03,-4.671126218438227511e+02
-1.436688686935540545e+03,-1.409644473380441696e+03,-1.148990847175354268e+00
-1.177087278691807569e+03,-1.241156251339168875e+03,-2.552139265749782453e+02
-1.290007165146100533e+03,-1.192373476123602131e+03,-5.899263605303736995e+02
-1.178610457722046704e+03,-1.580274582422345475e+03,-5.601490205026291278e+02
-7.138350565875124403e+02,-1.184877159343381436e+03,-3.705053093333117431e+02
-1.448604195936053657e+03,-1.558789119031447854e+03,-6.781313860756295071e+02
-1.005154240865016959e+03,-1.273854458413942666e+03,-1.300215068439476624e+02
-1.300955087291966038e+03,-1.310328524895444616e+03,-6.474662940025265243e+02
-7.661917332371056091e+02,-1.204207397753998521e+03,-5.339265430641241892e+02
-1.326307490068429388e+03,-1.344493823006179127e+03,-5.175263046283866970e+02
-1.221677846512306814e+03,-1.304231975023493078e+03,-2.610968684813947220e+02
-1.077721359114102825e+03,-1.306903583182167722e+03,-3.766994419366895954e+02
-7.709817860983869195e+02,-1.191846627071920693e+03,-3.908680397267315243e+02
-7.655227661469295981e+02,-1.175423538497331037e+03,-1.351390081610550169e+02
-7.376035397619908736e+02,-1.465058457961870772e+03,-3.819258062337209481e+02
-9.029337284609273411e+02,-1.869348849345702774e+03,-1.283642292036357162e+02
-1.096485819475862172e+03,-1.166985507126651555e+03,-1.140997949995206318e+00
-1.188507095505805864e+03,-1.296986567598286911e+03,-2.408568734137903959e+02
-1.181868240656224998e+03,-1.524411441583166834e+03,-5.482404198047490809e+02
-9.599174323214838296e+02,-1.904569036613762592e+03,-2.507784222069756765e+02
-1.119400326196929427e+03,-1.553148139241262243e+03,-5.870670278293232514e+02
-1.237619696709666641e+03,-1.614023340919333350e+03,-1.277747335060022920e+02
-1.109489431132644995e+03,-1.273418598939713775e+03,-3.794293863459977842e+02
-9.823007295922745925e+02,-1.245544048773936083e+03,-1.294768864637561308e+02
-9.017406558692944145e+02,-1.296860038702920065e+03,-3.532988644293479865e+02
-1.333006906906343602e+03,-1.334003352015105520e+03,-1.272200206969828002e+02
-8.785226392623642369e+02,-1.130955411990430093e+03,-4.124572026991809253e+02
-1.302460410484032309e+03,-1.804650745741745823e+03,-1.228841213879209704e+02
-1.352946982297757131e+03,-1.878424580614590923e+03,-1.296871819034595887e+02
-7.641779169434967116e+02,-1.385856427232513624e+03,-6.167304037790000848e+02
-8.543981228621124728e+02,-1.143241541743806010e+03,-7.078154329317624160e+02
-1.191138404615455556e+03,-1.188661011602540839e+03,-1.303233672190638348e+00
-8.827585381863091243e+02,-1.291445577587987145e+03,-1.285006794604119307e+02
-9.768218349514278316e+02,-1.291841505058056782e+03,-1.477204090326216912e+00
-1.114615038117491849e+03,-1.771766981393634978e+03,-1.116167323875206785e+00
-7.548556469397157116e+02,-1.376481544162774298e+03,-1.265325787467626242e+02
-1.172066388168020239e+03,-1.063833916746023988e+03,-1.298086713392816876e+02
-7.746893485163748210e+02,-1.340862232451915816e+03,-1.281892773788080433e+02
-1.351647721690285380e+03,-1.912007788199426159e+03,-6.015904963572681936e+02
-1.048536643606196321e+03,-1.115597654303054696e+03,-3.800836201175550855e+02
-9.905566548220713230e+02,-1.335131655586090346e+03,-1.296790041199366215e+02
-9.445488761342229509e+02,-1.629163776541374318e+03,-1.281776101407186559e+02
-8.988137335782954551e+02,-1.163928291984369935e+03,-1.239809650634093714e+02
-1.077445610582031804e+03,-1.325250132244291535e+03,-1.290800263784338098e+00
-7.735118409932144914e+02,-1.923385397689054798e+03,-1.332136171237758848e+00
-9.343106388048458939e+02,-1.345893523190093447e+03,-9.700294869314485595e+02
-8.669868478881944611e+02,-1.429892242706411707e+03,-1.294124385749205999e+02
-1.484152514134178546e+03,-1.523224998243897971e+03,-1.251584623257529838e+00
-1.049043477087142492e+03,-1.090261218836159060e+03,-1.336087695056009181e+02
-7.591392933368946387e+02,-1.492831980986487451e+03,-2.566188141333441308e+02
-9.275810170041721676e+02,-1.376303412497472664e+03,-1.265767831870887221e+02
-7.920130377663009540e+02,-1.500278690626302705e+03,-1.115242240291653308e+00
-7.703799382758473939e+02,-1.175132301704815973e+03,-3.880068827481021003e+02
-7.792379098458334283e+02,-1.169434442140708597e+03,-1.315383821229215528e+03
-8.709512088538180024e+02,-1.184426434064777823e+03,-1.267065485533897515e+02
-9.657121218939528262e+02,-1.083973709241022107e+03,-3.832933667045222137e+02
-1.336798960560587375e+03,-1.349036013321766859e+03,-1.285738749431970120e+02
-1.074671074877689307e+03,-1.801117235734971928e+03,-1.266587772958747138e+02
-1.012096147901450081e+03,-1.801979280747156281e+03,-3.739040034231615550e+02
-8.891993990452159551e+02,-1.355694651379398238e+03,-1.277720985347026357e+02
-8.913407291100702423e+02,-1.341677260538549717e+03,-1.209346485199785270e+00
-1.349941155878866311e+03,-1.578679822782170959e+03,-1.025849392051173709e+03
-1.351859308921680622e+03,-1.811832254673152192e+03,-1.362189590073957675e+02
-8.311541644264276556e+02,-1.194008358791256796e+03,-2.603104147803280171e+02
-7.480224708495276218e+02,-1.556543609917250023e+03,-1.279236267916504772e+02
-1.076650080928397074e+03,-1.198429796804755370e+03,-4.373019366962421941e+02
-8.867474345166665444e+02,-1.181550810194505630e+03,-4.056879939750614881e+02
-1.512223588723906460e+03,-1.337850548195582860e+03,-1.654087665943066110e+00
-8.615530104388305972e+02,-1.360242369515050314e+03,-2.591457840713619021e+02
-9.138759086128079616e+02,-1.433699080845668732e+03,-2.441569046625199917e+02
-1.036514000895296931e+03,-1.106334708711527128e+03,-4.695009212111792749e+02
-9.528172612165711826e+02,-1.163769962297966686e+03,-2.543767100288825134e+02
-7.514015942707105751e+02,-1.086716672299420452e+03,-2.538124731265033347e+02
-8.476792751603835541e+02,-1.347515733437516928e+03,-1.353740261125855113e+02
-1.207834545878555218e+03,-1.055000049208786550e+03,-3.907094671542737387e+02
-7.779311058395263672e+02,-1.361737591139044298e+03,-1.322627288453884944e+02
-9.919707084151317531e+02,-1.071671303699272130e+03,-1.299248097621945419e+02
-1.476820418067157789e+03,-1.077757160442867189e+03,-5.244696647624184607e+02
-1.134525192414614139e+03,-1.605086763022868126e+03,-2.709459805589921757e+02
-7.337576300919695313e+02,-1.087417900066838911e+03,-1.321542833125744210e+02
-8.980561716304705442e+02,-1.262364224231125718e+03,-1.252469785875511121e+02
-8.859307433823204292e+02,-1.533144192201981696e+03,-3.981113763057139181e+02
-8.399792967247976776e+02,-1.168982083657015892e+03,-1.499059083307071433e+03
-1.108188054751161872e+03,-1.362822818133782221e+03,-1.306599725909312610e+02
-9.068136161325343210e+02,-1.080861968112430986e+03,-2.566979093669983740e+02
-7.628133796223148693e+02,-1.197415734664150250e+03,-2.596636406311312157e+02
-8.002326993496118348e+02,-1.416913562373226569e+03,-1.334506074367039608e+00
-7.635946905268953060e+02,-1.580202711707139088e+03,-3.927978578113770141e+02
-9.953491562305139269e+02,-1.598891822126582611e+03,-1.290481690391858081e+02
-8.372444129245996010e+02,-1.820815410474292776e+03,-1.320819959058091797e+02
-1.295810937581199596e+03,-1.190275259623483407e+03,-1.267058078067705225e+02
-1.112134605040796259e+03,-1.063662991412404381e+03,-1.305081584591514741e+02
-7.724190168770190894e+02,-1.340993540017904479e+03,-2.726795758494847011e+00
-1.331675054307349228e+03,-1.291862022000672596e+03,-3.794520872166939398e+02
-1.107738873907250991e+03,-1.369021035671914433e+03,-9.258777959479978108e+02
-1.488931696039445114e+03,-1.129262037308468734e+03,-1.236157255985303465e+02
-9.861406405471585686e+02,-1.344625353393649220e+03,-2.266146685178644926e+00
-8.980314038455907166e+02,-1.775884773046743931e+03,-2.663842302695150579e+02
-9.927819937131366714e+02,-1.220639319826259680e+03,-1.296641049055140513e+02
-1.470509535785419757e+03,-1.840340398725166324e+03,-2.823049916071657321e+02
-1.185249869868498763e+03,-1.300428878143423390e+03,-3.881819686880342601e+02
-7.574939091418833641e+02,-1.109936672732720808e+03,-2.592009692337974229e+02
-9.944410706702005882e+02,-1.605367201820422679e+03,-1.275274314545985277e+02
-7.520139833501433486e+02,-1.421005474607028418e+03,-3.707732691302203989e+02
-1.572028805538531969e+03,-1.499669459653363901e+03,-2.576497940708233045e+02
-6.898631415544182346e+02,-1.188477108874817532e+03,-1.287188675903859973e+02
-1.116319379408341092e+03,-1.840684302144177536e+03,-1.400685247600228056e+00
-1.382885092884972210e+03,-1.837491041687460893e+03,-1.312295349287778690e+00
-6.169894915539623526e+02,-1.603557929702328011e+03,-1.245597647671307726e+02
-9.345430561439768553e+02,-1.775144907339923520e+03,-2.536057416633916546e+02
-1.539463696106547559e+03,-1.296695639175414044e+03,-1.269314444001825137e+02
-1.397628370192139982e+03,-1.695766985147378136e+03,-1.494983888215943635e+00
-5.718655688367009589e+02,-1.169333659859915088e+03,-1.236686548042222888e+00
-9.938210081749914480e+02,-1.298683200273999773e+03,-3.153823284241710656e+00
-1.066173902523489915e+03,-1.071776302618356340e+03,-1.266951907784347213e+02
-1.091102922551148822e+03,-1.067410852814152804e+03,-2.510220860581276270e+02
-7.844022515638826007e+02,-1.513055649748836686e+03,-2.553937401858790395e+02
-9.652299536823836661e+02,-1.198125694151196058e+03,-4.178435869263097970e+02
-9.620347034045910277e+02,-1.841983092523446658e+03,-3.700851697625496399e+02
-8.933759423512843796e+02,-1.086935324516529136e+03,-4.023284957596392815e+02
-9.694837843809996230e+02,-1.385602712635891294e+03,-2.537109629886045639e+02
-8.528549437932769024e+02,-1.297856750496803443e+03,-1.280183101316225986e+02
-8.916670028666834469e+02,-1.125707234325090667e+03,-7.365975634994359780e+02
-1.031124932093009647e+03,-1.210408752393698478e+03,-5.156606238007234424e+02
-8.542383023554682495e+02,-1.375232210774419173e+03,-5.176410332843504420e+02
-1.238375128419110979e+03,-1.388002330365404987e+03,-4.095209296037342597e+02
-1.029765257533147633e+03,-1.384290319673888689e+03,-1.152595521316047034e+00
-1.085077942421615717e+03,-1.212959745344922567e+03,-4.353920027363352574e+02
-1.336080632285876391e+03,-1.847752869208213497e+03,-4.272934317644799194e+02
-1.340028618186667927e+03,-1.370118028840433453e+03,-3.758545704968000791e+02
-8.889440991155901202e+02,-1.321393466307089966e+03,-1.094176220404257549e+00
-8.418343306728908146e+02,-1.693626501514531583e+03,-1.367243974988634259e+00
-9.919273303141396809e+02,-1.345983011657003090e+03,-5.169176669688943093e+02
-1.030543662613395099e+03,-1.068753533671002970e+03,-2.638307054110555896e+02
-1.079947432534275322e+03,-1.842147305513620950e+03,-1.276066873804923745e+02
-1.194826615037357897e+03,-1.073441702621090371e+03,-7.576880630250442437e+02
-7.384553034568643852e+02,-1.167800523238196547e+03,-8.033549454272999810e+02
-8.078157871503673277e+02,-1.806239544764782295e+03,-3.714730775739462274e+02
-6.543926764400011962e+02,-1.156483953937991146e+03,-3.093636208877293736e+00
-9.105660315401100888e+02,-1.369823866934310445e+03,-1.280340764756376473e+02
-1.185547695973031068e+03,-1.773080152154707321e+03,-1.294884231131605077e+02
-6.331182534869845995e+02,-1.407108534198510824e+03,-1.628232699621816826e+00
-1.097616853819696416e+03,-1.156726347873892109e+03,-6.496447593062620172e+02
-1.106177268643847128e+03,-1.209206486305286717e+03,-1.275663625324786610e+00
-9.577492489962362470e+02,-1.208231479765637232e+03,-1.275939393973318943e+02
-9.029235380778424087e+02,-1.368261544981505494e+03,-1.288948338226757642e+02
-7.592154031871325515e+02,-1.256613415101218834e+03,-1.172664068871235976e+00
-7.745093126359726057e+02,-1.062132183186707380e+03,-1.270796009511130791e+02
-6.386747819428761659e+02,-1.709493569705097343e+03,-2.552382667961368838e+02
-8.934428339980313467e+02,-1.076996650601131250e+03,-2.512151316445465454e+02
-1.296057228278564935e+03,-1.073185392280905717e+03,-5.016643657639141338e+02
-1.071345660803599458e+03,-1.149525411963346414e+03,-1.263306364845681316e+02
-1.193466056555916566e+03,-1.175214485231294702e+03,-1.304798899312160927e+02
-1.019758206322196315e+03,-1.082374469735268349e+03,-1.412731742434445881e+00
-1.092567086205131773e+03,-1.732868980633878209e+03,-1.278529955485541905e+02
-9.784470881869523282e+02,-9.819258873467108515e+02,-5.128451992092795990e+02
-9.119419973066890179e+02,-1.034292203212776258e+03,-2.544003501534024281e+02
-9.117993839913420970e+02,-1.370780458207331094e+03,-1.299754927623613696e+02
-8.700168565667886469e+02,-1.304850581465807181e+03,-4.505708164645417924e+02
-8.983837439799810909e+02,-1.205299467742819843e+03,-4.146858605925876304e+02
-9.909150924000017540e+02,-1.719544687137182564e+03,-1.312168199858629123e+02
-7.283721954078752105e+02,-1.390564132029663369e+03,-1.248244495037337458e+02
-9.945855422093071638e+02,-1.282619972718329336e+03,-4.108835432452556802e+02
-1.042675377401031938e+03,-1.371325851565077073e+03,-6.069556837839127184e+02
-1.205872723859701182e+03,-1.212073173720374143e+03,-1.266158371634174671e+02
-1.098296313218761725e+03,-1.570827835426761339e+03,-2.554911101180142623e+02
-9.186133305709375918e+02,-1.800099671465774463e+03,-2.531850286216820507e+02
-1.105660470526614517e+03,-1.193508282274245857e+03,-1.295458765374886525e+02
-8.864565344489795962e+02,-1.209682062700795768e+03,-2.520715866890297363e+00
-9.686862719859886965e+02,-1.214802721259815826e+03,-1.238208259023782034e+02
-8.845219079408309426e+02,-1.190208190792164942e+03,-1.290066476073474746e+02
-7.706729464057275436e+02,-1.117638958409229190e+03,-1.180900336642478123e+03
-1.379237011841932826e+03,-1.067822972209162117e+03,-1.289965595759439623e+02
-8.303508457656970450e+02,-1.356842186362472603e+03,-4.897735425199157930e+02
-7.356435554236190910e+02,-1.295428655573346987e+03,-8.199262773353652847e+02
-1.097222038883141749e+03,-1.198052627887357858e+03,-1.042208129617601116e+03
-9.026859424889637467e+02,-1.834220045120851410e+03,-9.456742323210213499e+02
-1.299123737852226441e+03,-1.105552560701986522e+03,-4.092321338369553700e+02
-1.072347833069724174e+03,-1.812488428999754660e+03,-1.139625455370379541e+03
-9.966009920930086992e+02,-1.313694329790051142e+03,-1.292424901059526690e+02
-1.446867457391490007e+03,-1.812997568007609289e+03,-1.169714401926679415e+00
-1.512388660078389421e+03,-1.088244858186008287e+03,-2.602313777401616903e+02
-7.773613892380634525e+02,-1.587061439232366411e+03,-3.808197115910800221e+02
-1.017403852567292574e+03,-1.518431740402277683e+03,-3.489659459780928614e+02
-1.437659007670632491e+03,-1.073815644764926446e+03,-2.629800024181606659e+02
-8.813741802267662706e+02,-1.202336905924589246e+03,-1.451351773193522599e+00
-1.007239038227702281e+03,-1.521246093202406655e+03,-4.665449022189437756e+02
-8.512057259369311168e+02,-1.073608287639508717e+03,-1.298611355905300400e+02
-9.321140683629823798e+02,-1.084000253578864658e+03,-1.264800781315571072e+02
-1.088407191988735349e+03,-1.091683081585073296e+03,-1.261170126355254837e+02
-9.684179447065612294e+02,-1.264591114006869248e+03,-2.399335610730369694e+02
-1.080216416745905690e+03,-1.166824870996415939e+03,-2.937991056367657734e+02
-7.549696825303417427e+02,-1.328005050140473713e+03,-2.128240927182468933e+00
-7.570757584222004652e+02,-1.239771112135433214e+03,-3.809946334465602149e+02
-1.071509454220090447e+03,-1.288659463498991727e+03,-1.268686129482914708e+02
-8.828572943731411442e+02,-1.274264002871941557e+03,-2.489752874123506388e+02
-8.847334939469637902e+02,-1.374951814299330636e+03,-6.172129906972713798e+02
-9.628268987945731396e+02,-1.320913638481350745e+03,-2.552806346831368387e+02
-1.006509194795795679e+03,-1.448614059040099391e+03,-1.233681262003956931e+02
-1.484542772842258501e+03,-1.453678987287086329e+03,-2.607072653490944276e+02
-1.462309595423698056e+03,-1.358416883169656330e+03,-3.445742586763209214e+00
-6.316593303996522764e+02,-1.083537737001874575e+03,-4.070554404352376991e+02
-1.071828040693770618e+03,-1.178784746013251151e+03,-1.263332418875853449e+02
-1.211058320542121010e+03,-1.078354715746515012e+03,-1.276072592698095889e+02
-1.361219673307111634e+03,-1.507842974931627168e+03,-1.240511776857528474e+02
-1.064251916494778470e+03,-1.209460510013561816e+03,-2.593653122941095148e+02
-9.991243289381670820e+02,-1.066513333647920035e+03,-3.907928001221614522e+02
-1.483711302413137219e+03,-1.374638595298375321e+03,-1.342454729799309021e+00
-1.105754469810686487e+03,-1.077371133205563865e+03,-2.487616470050032547e+02
-7.613315477198209464e+02,-1.136203890868823009e+03,-1.299732810495158333e+02
-9.217923510980044739e+02,-1.069721414467530622e+03,-4.002884660527789720e+02
-9.119423362567241611e+02,-1.064545141162582695e+03,-1.286125726982104993e+02
-7.486676571370771853e+02,-1.066647341578336864e+03,-3.402964121963618709e+02
-1.083233863682019773e+03,-1.517900468122910524e+03,-1.258517118208848729e+02
-9.439375965229894518e+02,-1.276050266011462554e+03,-1.254755628875195725e+02
-8.924840047272159609e+02,-1.112077494841268162e+03,-3.688143075820440799e+02
-9.048593425911278700e+02,-1.360413912072755011e+03,-3.786256038133869311e+02
-8.249974263182980394e+02,-1.155347231074472347e+03,-1.266545160267293113e+02
-8.540190606206723487e+02,-1.613363321589780981e+03,-1.232547650042188963e+02
-1.139522309807097372e+03,-1.842621649872371563e+03,-2.556296215187226153e+02
-1.624706687318555623e+03,-1.241604231852910971e+03,-2.409588455812522234e+00
-1.103352909724907477e+03,-1.283956575739027585e+03,-2.482172004027504499e+02
-9.705760328485663422e+02,-1.560477130657508496e+03,-2.756464377424557028e+02
-9.709877065568224452e+02,-1.825961419447326762e+03,-1.276155452223435560e+02
-1.074189120316040999e+03,-1.128659619033432364e+03,-1.246188266970783109e+00
-1.084176806564277967e+03,-1.087641490732571128e+03,-1.341871101874289423e+02
-8.547921527997240219e+02,-1.625121586220764129e+03,-1.262258772518511307e+02
-9.996633228047444391e+02,-1.098658081977664551e+03,-4.421144401054987156e+02
-9.782052539221025427e+02,-1.121381847392895907e+03,-6.021289467503011110e+02
-1.194155119210483235e+03,-1.122721742453496063e+03,-3.794885871191472120e+02
-1.015673070461095563e+03,-1.279858420451032771e+03,-3.608553237764249957e+02
-7.498284239183258251e+02,-1.408284562984531476e+03,-2.459755096603112179e+02
-1.212503162481593563e+03,-1.228635629180691922e+03,-3.750794705363329058e+02
-1.205817691960473894e+03,-1.147186500845700948e+03,-5.842320546793494032e+02
-1.371827152525422207e+03,-1.358455926201791272e+03,-3.806820008339725518e+02
-8.773027014937147214e+02,-1.352175388598276413e+03,-1.244773992720851652e+02
-7.460633786864102603e+02,-1.382322112457166213e+03,-2.622080177295127328e+02
-9.879673211009970828e+02,-1.347855076892452644e+03,-6.051881238676620569e+02
-7.630432307655401019e+02,-1.834298560293080300e+03,-3.753164871293096212e+02
-1.198106131914983735e+03,-1.087152928213436780e+03,-4.999463528391881937e+02
-1.039121009209079148e+03,-1.826085692097940637e+03,-3.945452817033752240e+02
-9.600440124481672228e+02,-1.401695135228663730e+03,-3.997740780974138488e+02
-1.200767369654325876e+03,-1.548636867929407799e+03,-1.258261026163032597e+02
-1.420341756828930329e+03,-1.835960435847373446e+03,-1.328704102684210056e+03
-8.865066721591981604e+02,-1.223219011626475549e+03,-1.278635730069686929e+02
-8.938225189714765975e+02,-1.201382479338805751e+03,-1.297021170864810244e+02
-8.605460835919249121e+02,-1.067657873910214221e+03,-2.556436264528767026e+02
-1.115698497604553722e+03,-1.308912790785376046e+03,-2.526942475416090019e+02
-8.989990088642731507e+02,-1.444740658484002552e+03,-8.221360458919507437e+02
-1.253061418980377994e+03,-1.111014640077486774e+03,-6.277301666965091727e+02
-7.511704871775223182e+02,-1.377526302143254270e+03,-1.274448811328917515e+02
-7.576197776036038931e+02,-1.172828599924036780e+03,-4.666290209199570995e+02
-1.241680816380498072e+03,-1.191636088629271399e+03,-2.699121132781399979e+02
-1.320413092541238029e+03,-1.826620599714098262e+03,-1.310556168343839829e+02
-5.623880058390012664e+02,-1.169419131430127663e+03,-1.267118504646808503e+02
-9.579389388470035556e+02,-1.610815972052390407e+03,-3.646814544412303576e+02
-1.103580868089319665e+03,-1.438266670314531893e+03,-2.554505168432492042e+02
-1.361074299004762906e+03,-1.139553594812243091e+03,-4.601841070066703878e+02
-1.376323613714342173e+03,-1.122395273466984690e+03,-1.306870625280438105e+02
-8.850115638366576150e+02,-1.159566420528044546e+03,-1.286582074415370300e+02
-9.895306638090977458e+02,-1.328877781223860211e+03,-2.456730243257339907e+02
-8.799326536391386071e+02,-1.411313810058033596e+03,-1.286913178555834918e+02
-8.300010256387851086e+02,-1.388788428206781418e+03,-3.812685377971486673e+02
-8.771471533492313029e+02,-1.270273207212275338e+03,-1.800118434238303644e+00
-9.707069067196595142e+02,-1.346773715468537830e+03,-8.254420656864984949e+02
-1.052032632929437568e+03,-1.786233388195504858e+03,-2.637251370326578126e+02
-1.249570287218906287e+03,-1.214129759529409057e+03,-2.527949825142362386e+02
-1.196276142379557314e+03,-1.348829237850672598e+03,-1.272967838571836836e+02
-7.428127954829808459e+02,-1.312034068613891577e+03,-2.551261600496441417e+02
-1.439571767428298699e+03,-1.187576804301411585e+03,-2.661658831041211215e+02
-9.782477500365406513e+02,-1.505880417621024662e+03,-1.268706089803390711e+02
-8.923640629865734581e+02,-1.636891513687459337e+03,-2.594998929567224195e+02
-1.029908754739394453e+03,-1.639605895473894407e+03,-4.845416777676730931e+02
-8.715064361883767106e+02,-1.579222101750466663e+03,-1.261164735401712278e+02
-7.493490174611976045e+02,-1.269285814853678175e+03,-3.994956985358468273e+02
-9.082952739012696384e+02,-1.303548686036232311e+03,-2.599281008099408155e+02
-1.260231059701867707e+03,-1.315815627322180262e+03,-2.710838154639532149e+02
-1.131682413602434053e+03,-1.212286594652454369e+03,-1.290772044175360804e+02
-8.975909854309743423e+02,-1.238528444564040456e+03,-4.204938105049150998e+00
-1.495050427966293455e+03,-1.297420132611816371e+03,-1.270010066085127818e+02
-7.583321961528181419e+02,-1.204966335970348382e+03,-2.579519024066719339e+02
-1.215125955871572614e+03,-1.095218872633178307e+03,-1.233854337882280561e+02
-1.003439172276122804e+03,-1.800291356662963608e+03,-2.562150680397928681e+02
-8.604345257833620053e+02,-1.333347502726852099e+03,-7.797393416646442574e+02
-1.467353699919468454e+03,-1.336129365083751509e+03,-1.301769241412714564e+02
-8.746190370792634212e+02,-1.792118172476647942e+03,-1.338059350697683954e+02
-8.730044882726162996e+02,-1.160109301851902501e+03,-7.931572500517451090e+02
-7.712237181753341702e+02,-1.346825939486140896e+03,-2.478207468341446429e+02
-1.230402419980471905e+03,-1.452661981221619499e+03,-4.519359971594790295e+02
-1.450624606195076012e+03,-1.164882076189883264e+03,-3.853869154546834466e+02
-1.359281493992657715e+03,-1.178263188979810820e+03,-4.189228634487636214e+02
-8.867410207561962352e+02,-1.785367919531166308e+03,-1.458739065078090258e+00
-8.554134495614154048e+02,-1.382399760540327634e+03,-2.538809307542197757e+02
-1.147595153773444281e+03,-1.051682431620264197e+03,-3.896801684650496327e+02
-9.825533513202434506e+02,-1.601555995534801241e+03,-4.789677859049963331e+02
-6.719784259762983538e+02,-1.121473247233170014e+03,-1.279338145398254483e+02
-1.090365000238888797e+03,-1.315321416538352423e+03,-9.516598910986871260e+02
-9.200449218534674856e+02,-1.317498293184978365e+03,-4.080861756212503337e+02
-1.185271573864374659e+03,-1.781606809850285345e+03,-1.267015823433101218e+02
-8.772124399415530434e+02,-1.411353327358578781e+03,-1.246570540502501956e+02
-1.203242990130248018e+03,-1.451860124064665342e+03,-2.574259524943713586e+02
-9.573859191911955122e+02,-1.352465923383379049e+03,-3.886758425809515529e+02
-1.056245756127856566e+03,-1.585272202298210232e+03,-1.279851291261403787e+02
-9.097899547779696832e+02,-1.777168404271161990e+03,-1.269979904981411778e+02
-7.522332142735745037e+02,-1.571840396911622975e+03,-1.293391579963055449e+02
-9.965321815656252511e+02,-1.552917345341618329e+03,-5.201273649030664501e+02
-1.241119285727696706e+03,-1.544947307244738113e+03,-6.238294609457053639e+02
-1.161400613666617346e+03,-1.233080786193917675e+03,-2.501747977153923443e+02
-9.027635049675375285e+02,-1.556831203263161115e+03,-2.501982954806831003e+02
-1.184353223921556491e+03,-1.287163746296592535e+03,-1.635152154198501194e+03
-1.121879517083566498e+03,-1.366427673869367709e+03,-1.367982634181486690e+00
-8.399389763808786711e+02,-1.244983768158125940e+03,-1.292158396820084363e+02
-1.267081559471354012e+03,-1.467759180688800598e+03,-2.627972066496824937e+02
-9.211742592676016557e+02,-1.369016287272758291e+03,-1.248811079114960876e+02
-7.558373044720470944e+02,-1.797223196085700692e+03,-1.692464867340371493e+00
-1.391701514222177593e+03,-1.371872866446714170e+03,-1.278768962364481041e+02
-1.251866371515874789e+03,-1.268962696086439792e+03,-1.246680128853760436e+02
-6.461516751923519450e+02,-1.433857636997563759e+03,-2.525613683894760015e+02
-8.705431117550866702e+02,-1.552944268495966526e+03,-1.287622193226603429e+02
-7.632076979182135119e+02,-1.287962343689030376e+03,-1.418500213127180887e+00
-8.761850437715499993e+02,-1.488602683425325722e+03,-4.022918220572695418e+02
-9.870887768175950896e+02,-1.411106910513225330e+03,-1.270719980435070653e+02
-1.263363856837395815e+03,-1.338204227641301031e+03,-1.789117722721470516e+00
-9.718678105477126792e+02,-1.477903317072617938e+03,-1.291328086097285563e+02
-1.059335257560122727e+03,-1.282852579554403746e+03,-1.315743721476859207e+02
-7.909634473066317923e+02,-1.226404590686043548e+03,-3.792964489955608087e+02
-1.007022220454166586e+03,-1.337106996932233642e+03,-1.284728045118597777e+02
-8.850547949543720279e+02,-1.238843247445478028e+03,-1.343622117413760577e+02
-1.210190735124261892e+03,-1.467780942059445579e+03,-1.302932088815305463e+02
-1.189420548468158358e+03,-1.621629338181220874e+03,-1.305943168110964621e+02
-6.341845773722302511e+02,-1.784837804013852974e+03,-5.560199782974863183e+02
-1.205303006042279549e+03,-1.289498237356293203e+03,-3.968656416849723314e+02
-1.560081774193680303e+03,-1.303901096178871512e+03,-2.554013848670754783e+02
-8.279390668506764541e+02,-1.343451788601363887e+03,-2.604319288661257588e+02
-1.104784851539893452e+03,-1.368789339617201904e+03,-5.222354782623675646e+02
-8.648257282067260121e+02,-1.514562555594080550e+03,-1.246286268657731569e+02
-1.238078926382689133e+03,-1.537934410705111077e+03,-1.266888319942908225e+02
-1.141075701859521587e+03,-1.083544660949439276e+03,-4.902880572240878223e+02
-8.660513321166497462e+02,-1.491222463201462460e+03,-1.239527088544773221e+02
-8.910469324583349362e+02,-1.134755202597481002e+03,-1.244177638079314931e+02
-1.335083971491740385e+03,-1.555013651652748877e+03,-3.271074063150091416e+00
-9.746721201715341749e+02,-1.417272759385673908e+03,-1.374844332891318022e+00
-1.190460447981727611e+03,-1.229594326982332632e+03,-1.264798266247477585e+02
-1.229839613558124256e+03,-1.789337540350007203e+03,-1.296949411543071449e+02
-9.487220580648107671e+02,-1.356188069285700294e+03,-2.679914840702678021e+02
-9.010779897799545779e+02,-1.326801022874958790e+03,-1.320061956003613091e+02
-7.751696178830309236e+02,-1.149024183657602407e+03,-6.463229399745363253e+02
-6.384411392048111793e+02,-1.192190341882266921e+03,-2.501559565584736617e+02
-9.229361490379608313e+02,-1.444251300971282717e+03,-3.746020787732334725e+02
-9.791536553306909809e+02,-1.495082994159565715e+03,-2.593287474349312447e+02
-9.689684297474707364e+02,-1.253868130916511063e+03,-1.093047522882309067e+03
-1.214592199555436082e+03,-1.508959673035560854e+03,-1.242099305291430227e+02
-8.988263799881671048e+02,-1.792404630291143121e+03,-1.282069650785861370e+02
-1.115973892196408315e+03,-1.103824631793272374e+03,-3.939160399731867415e+02
-7.711714066433627295e+02,-1.180248695385386100e+03,-2.638768975927412157e+02
-1.155121663223439782e+03,-1.173179023111113565e+03,-2.624281664570229395e+02
-7.531367212636529302e+02,-1.349788150610744424e+03,-1.128968224453734681e+00
-1.101789504877757054e+03,-1.291342043046002118e+03,-2.613505484049347842e+02
-8.676922733281776345e+02,-1.802871348229462455e+03,-2.511252446165029539e+02
-8.842944095647638960e+02,-1.151840773688799800e+03,-1.255678928780683776e+02
-1.351714617557431666e+03,-1.276467146289231096e+03,-3.976728774196463974e+02
-7.693256837499474159e+02,-1.460247034506904356e+03,-3.772972651765795149e+02
-1.005915271477780266e+03,-1.453796832455033154e+03,-4.705046042195213545e+02
-1.241687907277543673e+03,-1.160374111827071829e+03,-4.255140866288618895e+02
-8.789700179663586823e+02,-1.365165427883166558e+03,-2.508255687165930112e+02
-1.105944224930455675e+03,-1.419210291184607968e+03,-3.767240210452355882e+02
-1.006028484637410429e+03,-1.379610025777544251e+03,-1.289893362744267051e+02
-7.425817011459649848e+02,-1.448768343038900866e+03,-1.563658901256685112e+03
-8.610388314596871169e+02,-1.112325923417024796e+03,-1.859536938633626235e+00
-8.340549309718890072e+02,-1.200742510157558399e+03,-1.247264251590487731e+02
-1.054515384544699145e+03,-1.664589971835017650e+03,-1.262114256106972334e+02
-1.211692868779955688e+03,-1.503063950718963042e+03,-1.257232992111296852e+02
-8.886168093907591583e+02,-1.344878208232275711e+03,-2.578087123427979463e+02
-7.411847480369776804e+02,-1.228898535129618949e+03,-5.116863863771333172e+02
-8.643538681035192894e+02,-1.169867332045239664e+03,-5.264529219166165603e+02
-1.314344210455009943e+03,-1.621499879156340739e+03,-1.266688578204965552e+02
-8.790391259118885046e+02,-1.246292343332830569e+03,-1.243615995430394889e+02
-8.750309197544169137e+02,-1.171538524785060417e+03,-1.275494820358614305e+02
-6.767383720498893354e+02,-1.198037367397295384e+03,-1.272155983884339747e+02
-7.574360386144663835e+02,-1.519764582587778477e+03,-4.875488129361878009e+02
-1.414017274993597084e+03,-1.813063256677453182e+03,-1.265291743015411043e+02
-1.068091982744870620e+03,-1.808191392809358149e+03,-5.039644264480583615e+02
-6.867251491229916383e+02,-1.422310454400676690e+03,-1.296973228656100900e+02
-1.085437357008197750e+03,-1.781693759552874553e+03,-1.861289705338178502e+00
-8.710873760676042821e+02,-1.299216682122391148e+03,-1.016628628945574746e+03
-1.085859649810956626e+03,-1.312927962174669574e+03,-1.284487923441988357e+02
-8.703330018518369116e+02,-1.247955587099608010e+03,-1.280489987918027737e+02
-9.687065057705800655e+02,-1.516110875297069015e+03,-3.989815392899478184e+02
-8.941684254014685393e+02,-1.162705704921059350e+03,-1.270795619940525256e+02
-1.183585190501097486e+03,-1.221926255336173881e+03,-2.575833432726361139e+02
-7.597721900101396386e+02,-1.629501680805274646e+03,-2.547417117879356283e+02
-1.162466413762085722e+03,-1.142208073473783998e+03,-1.301196709536741878e+02
-7.755652867740778902e+02,-1.514424934956240577e+03,-1.312722860383962313e+02
-9.561135298172249577e+02,-1.335161121820936387e+03,-2.477360282332654435e+02
-1.074220804032672959e+03,-1.804236408171679386e+03,-1.325727902579131410e+02
-1.369864889260439668e+03,-1.326516244315253971e+03,-1.234346871040162483e+02
-1.074171927275500593e+03,-1.815509918888780931e+03,-2.634128690694078614e+02
-1.103932568921718712e+03,-1.485651719485201966e+03,-2.619870556084525788e+02
-9.813311245810186847e+02,-1.082523158811195344e+03,-2.543392784937524596e+02
-9.709461857264607261e+02,-1.187662296527122407e+03,-2.713133345636005060e+02
-8.078698503537467559e+02,-1.184031296414268581e+03,-4.113111689062976097e+02
-9.677965997074603592e+02,-1.215949830166644915e+03,-1.325127555962257020e+02
-1.290980105431362063e+03,-1.173864588495733869e+03,-6.550406284412683817e+02
-8.759289742609728364e+02,-1.234492242887849670e+03,-2.101964365076365304e+00
-1.186915423532595696e+03,-1.158412565397147318e+03,-1.288839922895535324e+02
-1.086635053751604119e+03,-1.245585144790366030e+03,-2.690464559899734240e+02
-1.336366989141907425e+03,-1.333916355393183494e+03,-1.262955396539322663e+02
-1.239338750059659105e+03,-1.318135142153380230e+03,-2.560211435026472486e+02
-1.087415513347371643e+03,-1.199336253663070465e+03,-1.282748182052870902e+02
-8.746098869112787497e+02,-1.791683454969570903e+03,-4.184402339031187807e+02
-9.875268937367053468e+02,-1.517598781493839851e+03,-3.189460837010235750e+00
-9.784244713933567255e+02,-1.500374069552942501e+03,-2.553429363195504038e+02
-1.427380625472749216e+03,-1.556488151651896032e+03,-1.295571955127801118e+02
-8.721997627238886253e+02,-1.222605276693078395e+03,-2.991144436702999769e+02
-1.009571184008211958e+03,-1.255457625077159719e+03,-1.741785784773804968e+00
-1.471009303863394507e+03,-1.809027193078106166e+03,-1.439473855448819222e+03
-8.918661720922623317e+02,-1.374425063767549545e+03,-1.278763507215017086e+02
-1.226055742545954445e+03,-1.566831688439777281e+03,-1.294956015573560819e+02
-1.185084752588182482e+03,-1.163987755873356036e+03,-1.318407652078538490e+02
-8.841406693343777761e+02,-1.355507539161311115e+03,-2.466753214402098990e+02
-1.351908622266552584e+03,-1.215939990680643632e+03,-1.301489190429235805e+02
-7.705250739988300666e+02,-1.159589054630024975e+03,-2.628503020531247785e+02
-7.089957570198524763e+02,-1.804612100847966758e+03,-1.256070223068272895e+02
-1.200392979546481683e+03,-1.516788317418584029e+03,-2.096402418268011214e+00
-8.843581720097070047e+02,-1.804347347935341304e+03,-1.277509510246348015e+02
-1.402417533956054967e+03,-1.285054135429604003e+03,-2.660630599362532394e+02
-9.844288774518383889e+02,-1.538224707616039041e+03,-2.491375976797594092e+02
-8.842397612101423192e+02,-1.541461922433492191e+03,-1.314152150859008827e+02
-8.776522520091039041e+02,-1.360009355168707543e+03,-1.888194286524500720e+00
-1.464906408112278768e+03,-1.182169927317719385e+03,-1.345510495517324614e+02
-1.344335366195699635e+03,-1.166693583260600462e+03,-3.808702374740980758e+02
-1.568971879382782163e+03,-1.349413145533888610e+03,-3.793078526828088570e+02
-1.036072892474143828e+03,-1.297310591630583531e+03,-4.697586223347508962e+02
-7.526353157209769051e+02,-1.795180416463201027e+03,-1.327449277720306213e+02
-8.831109062792542090e+02,-1.200041275967308366e+03,-1.366254105999283865e+03
-1.317577959423697394e+03,-1.176478166407004210e+03,-1.471371303081062251e+03
-1.326121886329715153e+03,-1.786407423879225462e+03,-1.398923581439635910e+00
-1.340274148242554475e+03,-1.262822303443146211e+03,-2.666601348991554321e+00
-8.501473085780769452e+02,-1.548738244297481742e+03,-1.296845461731202818e+02
-8.716420844772595729e+02,-1.131452827997885151e+03,-4.017125991502367697e+02
-8.901603710536965082e+02,-1.438375363442218941e+03,-3.923277458885369242e+02
-7.996471849133887417e+02,-1.155934979325440281e+03,-2.499236253065613482e+02
-1.040477645058171220e+03,-1.292252468749343961e+03,-1.315075032958063161e+02
-1.018631144796580884e+03,-1.555987777156316497e+03,-2.565283068028317626e+00
-1.330435373064151918e+03,-1.524222057117389340e+03,-3.860330429346421965e+02
-1.073968482380419346e+03,-1.740327042823397733e+03,-2.688186067960024275e+02
-1.506451993135073508e+03,-1.493937791172962307e+03,-3.919773469051126540e+02
-1.025197191683465007e+03,-1.543062668263008618e+03,-2.560331197452235870e+02
-8.980713896739757729e+02,-1.116077245608347539e+03,-7.538329610851139932e+02
-8.860580438449769645e+02,-1.124775851921473304e+03,-9.237135613305417792e+02
-1.014873951547930119e+03,-1.207527142156736772e+03,-3.983539568666422497e+02
-1.314357002034830430e+03,-1.181230201152552581e+03,-6.163854498182259931e+02
-1.022023452770381027e+03,-1.437714283214573243e+03,-2.553237754497862682e+02
-8.691029920925842589e+02,-1.170277839458605968e+03,-1.277262330998333937e+02
-1.457783358229273745e+03,-1.588552459738685229e+03,-1.281960295203269027e+02
-1.146519760489983582e+03,-1.099016801299525468e+03,-1.217114051290263461e+02
-9.858207138716186364e+02,-1.809125354073659310e+03,-1.836242598369075996e+00
-1.230081284471952813e+03,-1.184510379120202970e+03,-1.289394175160738882e+02
-8.700500719434672874e+02,-1.300859312837305879e+03,-2.658084630440204137e+02
-1.047945069062986931e+03,-1.140631654980243638e+03,-2.594425472949478149e+02
-8.712293680312660626e+02,-1.555923816584288261e+03,-2.468547620734593551e+00
-1.624930575669915015e+03,-1.178361805770861793e+03,-1.302167116023741755e+02
-9.619985287464289740e+02,-1.610765978333812654e+03,-2.155366221926368731e+00
-1.096603801587230237e+03,-1.167062071274455775e+03,-1.627081438121142476e+00
-1.131441408505999334e+03,-1.265438553418982565e+03,-2.698061080212780780e+02
-1.098589053461077583e+03,-1.091247525644814004e+03,-2.647411683671722926e+02
-9.115941752922014985e+02,-1.166295540638682724e+03,-1.225644587007334252e+00
-9.104789460693575620e+02,-1.150244369208403441e+03,-2.449083647050177319e+02
-1.099705828723284640e+03,-1.237325391012997898e+03,-2.551508768251593722e+02
-6.303894328844137362e+02,-1.654998063294460280e+03,-1.276800897263021710e+02
-8.687684012387852590e+02,-1.810385808148663045e+03,-1.302754351613135668e+02
-1.086969773523094773e+03,-1.130183827605301076e+03,-4.613311217407589879e+02
-1.457285309389624899e+03,-1.413193681948932863e+03,-2.530801900772340218e+02
-1.043412636286083625e+03,-1.157290287300538694e+03,-3.987444515302667014e+02
-6.264566688833575654e+02,-1.639835915389062620e+03,-4.337193726453699014e+02
-1.210833409185638402e+03,-1.524685279290149310e+03,-1.258932000331389673e+02
-1.367841169380997599e+03,-1.190181604453345244e+03,-1.243764665700165750e+02
-9.020513839947009274e+02,-1.544977511847028154e+03,-3.039966165684814428e+02
-1.091900423702353692e+03,-1.205883048882847334e+03,-1.258556469710791106e+02
-1.025597921740557013e+03,-1.184812872455988781e+03,-1.340253161075229071e+00
-1.079328326105028509e+03,-1.537815377532959246e+03,-2.514006879109624890e+02
-8.277712440233763118e+02,-1.563794396460510143e+03,-5.255680907097722638e+02
-1.374572144400963452e+03,-1.486602895820829872e+03,-1.276913460260025062e+02
-7.486366465142612014e+02,-1.570735436008751549e+03,-1.292522477092292661e+02
-9.619488332044136314e+02,-1.345725164106495640e+03,-2.567632418189512009e+02
-9.981087507065010413e+02,-1.296742923100809776e+03,-1.345420888927515435e+00
-8.389922586140722842e+02,-1.366784436601563584e+03,-1.290745560979636650e+02
-8.043566907022584473e+02,-1.310502620707136202e+03,-1.290535875650381001e+02
-7.020334104401118793e+02,-1.414808334343247679e+03,-1.294496193772145602e+02
-1.139885987889556191e+03,-1.362792540228272856e+03,-1.231411005939872405e+00
-9.614408342555469744e+02,-1.369595078912907411e+03,-2.726826032019437207e+02
-1.011953825062597389e+03,-1.174602107862217736e+03,-1.321237637085756944e+02
-1.388712542362304703e+03,-1.577304513008079766e+03,-1.387884976961744288e+00
-9.610875217203230250e+02,-1.310811490138442196e+03,-2.532075529361254240e+00
-1.238924477805872812e+03,-1.368657512828021254e+03,-1.013322287475418761e+03
-1.313728872307450274e+03,-1.376552827099632168e+03,-1.281011053470058982e+02
-1.459474855142200113e+03,-1.266407244744046466e+03,-2.553989532421695401e+02
-8.612340971374553646e+02,-1.392401816500033192e+03,-2.312683486643118513e+00
-1.301576406760024838e+03,-1.470662582420977515e+03,-5.021393146732621631e+02
-1.109499836848206996e+03,-1.197262333302651314e+03,-1.308456640554488404e+00
-9.510172340806266220e+02,-1.347992227603945366e+03,-1.427430809490871200e+00
-8.885204563561062514e+02,-1.539041869568096899e+03,-4.044080264334476169e+02
-9.658014442458849089e+02,-1.399017144941959486e+03,-1.304659204213157864e+02
-7.615091673520912536e+02,-1.205007272227919884e+03,-2.670250877157465084e+02
-1.285874208260229807e+03,-1.259869920635509743e+03,-1.267286383479273155e+02
-8.652462978441717496e+02,-1.193570328193512751e+03,-1.275433587035029603e+02
-7.825139511105129486e+02,-1.296037554089818741e+03,-3.988833611949903002e+02
-1.244045448746984675e+03,-1.303246043472846395e+03,-7.364967448042212936e+02
-8.848393887494969476e+02,-1.545601151076204587e+03,-2.630059108878506322e+02
-9.760714453675986988e+02,-1.512385993797056472e+03,-5.693374202837902658e+02
-9.151699173215860128e+02,-1.544982222777500738e+03,-2.642043344066486270e+02
-9.933710702977534766e+02,-1.507622437677767266e+03,-1.332487084880803474e+00
-1.015503116717386092e+03,-1.329840887584936581e+03,-2.575279278343458600e+02
-1.227974739095108589e+03,-1.400083568458939226e+03,-2.838028494529143018e+02
-1.064844429929910575e+03,-1.181007856096432761e+03,-2.682518922304471403e+02
-9.777833100005209417e+02,-1.354795324052718115e+03,-1.307940745311044850e+02
-8.422422396680887005e+02,-1.778576239336068511e+03,-1.354799317295359060e+02
-1.388268656256254872e+03,-1.477828457654860131e+03,-2.591404660154154840e+02
-1.055795875219698019e+03,-1.491468280718470169e+03,-1.270120309654840298e+02
-7.871929985280145274e+02,-1.281575355957894772e+03,-3.102324710765713700e+00
-8.636675722660110068e+02,-1.286243917339425707e+03,-2.630674876687496635e+02
-8.988994890148145487e+02,-1.342575221004006607e+03,-3.878469895052980405e+02
-1.025214656835791629e+03,-1.233199484634031251e+03,-2.248411033214333443e+00
-9.866461452524896458e+02,-1.183037303954714844e+03,-1.298108992216159834e+02
-9.266574382646101640e+02,-1.196899510879748959e+03,-2.832757257939485385e+02
-6.629448975319995725e+02,-1.486230051162541486e+03,-2.607948848848974421e+02
-1.220035982260246783e+03,-1.496112136243236819e+03,-2.546098101098419022e+02
-1.214866649875736812e+03,-1.107252106820932340e+03,-3.920272152233760039e+02
-9.128476561450218014e+02,-1.164539707705618866e+03,-3.942916949758531473e+02
-1.316516010874637914e+03,-1.190908655197332337e+03,-1.212801697955513305e+02
-8.544082197078802210e+02,-1.279503503778485310e+03,-4.923258178493255173e+02
-8.693131548778821980e+02,-1.181732705140239659e+03,-1.279109388585250997e+02
-1.310175242304329913e+03,-1.507194801314750066e+03,-1.294013082674519524e+02
-1.091185749844184329e+03,-1.205732431134741319e+03,-1.067307860978531835e+03
-1.036701349462912276e+03,-1.181037517723884321e+03,-1.370759708299558177e+00
-9.673886992490719194e+02,-1.759531369248462624e+03,-6.104649162936790390e+02
-9.940387649842595010e+02,-1.583641754528326601e+03,-1.271090546523664813e+02
-1.474108601049686968e+03,-1.179470160495766095e+03,-3.851270982212176364e+02
-1.479723522222094516e+03,-1.183129203778275951e+03,-2.648071388064111602e+02
-8.805982956832433501e+02,-1.328397005134815117e+03,-2.591023968199804131e+02
-1.360063065343000744e+03,-1.162163831817568052e+03,-1.287699839565995319e+02
-1.509674438901858366e+03,-1.249255403474001014e+03,-1.300745762433240031e+02
-9.281848347650130790e+02,-1.303787949023802412e+03,-1.294435503416200390e+02
-1.304121885104498460e+03,-1.167237541456149302e+03,-2.586622618123993220e+02
-1.128466513505724606e+03,-1.163383124030598992e+03,-1.304615518785347490e+02
-9.057579818095418887e+02,-1.192471174428776067e+03,-1.216169528143445921e+00
-1.089303767245090057e+03,-1.548154185297022423e+03,-3.891407202113290964e+02
-1.214473973924366874e+03,-1.551690328431751823e+03,-4.222850073185335305e+02
-1.054877721671055951e+03,-1.736299548531746950e+03,-1.313975721407950346e+02
-1.065787955053122005e+03,-1.190260233388271672e+03,-3.803320198418335849e+02
-8.843359595188127287e+02,-1.171986389146518832e+03,-1.228302494160333396e+02
-7.610680399471634701e+02,-1.187417508654027870e+03,-1.287355806296513947e+02
-1.074016012363657183e+03,-1.296747130464854763e+03,-2.645141199126429115e+02
-1.377382422877369436e+03,-1.472495169572732038e+03,-2.759449151100920403e+02
-1.036526209191351882e+03,-1.749301297148802178e+03,-1.265655038057091275e+02
-9.008132057480387402e+02,-1.538695073649850428e+03,-7.618000035948731465e+02
-1.371857965686175930e+03,-1.327764615979333712e+03,-1.407138193510280910e+00
-9.750981061972177031e+02,-1.548185814453956482e+03,-3.855158287818987333e+02
-7.559252977067343409e+02,-1.359353476232225603e+03,-3.738634835788203645e+02
-1.113208924146083064e+03,-1.164131517502063161e+03,-1.278923859468051205e+02
-1.313600249758098471e+03,-1.760179417895235474e+03,-7.922792338207009379e+02
-8.907743979192104007e+02,-1.752656440850173794e+03,-1.255464854558089343e+02
-9.583147910402319667e+02,-1.108999902827709775e+03,-3.802561617101980573e+02
-7.672810863353323612e+02,-1.756515867203445168e+03,-1.255070996593102421e+02
-1.527212428296937333e+03,-1.747807449734554893e+03,-5.258537938708207093e+02
-1.267428369644051372e+03,-1.277447489439346555e+03,-4.018229992117277334e+02
-9.171587847388088903e+02,-1.376913162742192753e+03,-1.195985236267938262e+03
-1.250788517839387623e+03,-1.157845871828972577e+03,-5.770102881649050914e+02
-1.336266247734109584e+03,-1.180413695833342217e+03,-1.292761576258426715e+02
-1.055691939025518423e+03,-1.314382022563087048e+03,-1.281461457099712220e+02
-9.776916659291551923e+02,-1.166033122448343192e+03,-5.677895845634918714e+02
-1.207898250392686123e+03,-1.596840482225163441e+03,-3.826496442567553231e+02
-7.546564116966600295e+02,-1.194625909213663135e+03,-4.027384717100752027e+02
-9.873346745672902216e+02,-1.576146474554757106e+03,-2.426590631921758501e+00
-1.009365010758864742e+03,-1.158852735598787376e+03,-4.164073667460840511e+02
-1.407521685043375555e+03,-1.541198285586583324e+03,-1.301860459909013343e+02
-8.610400336336716691e+02,-1.311814630430793613e+03,-3.936064925414805771e+02
-8.399711530777203734e+02,-1.288778977045932606e+03,-5.436043558958955373e+02
-8.986705606264520156e+02,-1.482499447038617973e+03,-7.172655883894706221e+02
-1.328891040969567484e+03,-1.465528679044990895e+03,-1.307321414167013245e+02
-1.239284098572205266e+03,-1.481531551133681660e+03,-1.286536214426174070e+02
-8.506247560082130121e+02,-1.194137676545687100e+03,-1.305607756365524494e+02
-1.188652319064150106e+03,-1.210888323192988992e+03,-1.329022200845859869e+00
-7.843739803653077161e+02,-1.189620809171379960e+03,-2.568314256130879016e+02
-7.718452445953271308e+02,-1.567424967676357937e+03,-2.523624658262819196e+02
-9.253639607755999350e+02,-1.267390748531047848e+03,-1.865367980278884730e+00
-1.289223734347821846e+03,-1.750154190264213412e+03,-3.530677225414771101e+02
-1.279094124697054212e+03,-1.052604793765682871e+03,-1.989245688366635401e+00
-1.158894542729442946e+03,-1.750472282812377898e+03,-2.869903521325690487e+00
-7.708282662910186218e+02,-1.377308058048704197e+03,-1.226929570456866259e+02
-1.297181055342692389e+03,-1.114993929322423128e+03,-5.052498565226342748e+02
-1.449560830402399461e+03,-1.194100246880871964e+03,-1.286692080352082428e+02
-1.016320103379394141e+03,-1.191395125306525642e+03,-1.257939871226713677e+02
-7.635670936615233586e+02,-1.240311015713572488e+03,-3.855773565415635176e+02
-9.326856153381575041e+02,-1.160834863359576275e+03,-2.593364752743339636e+02
-9.122323400255555725e+02,-1.200816007870126668e+03,-1.263631611651269822e+02
-1.381360771764959509e+03,-1.281420085762278404e+03,-1.435114186707736161e+00
-9.910061873272760522e+02,-1.369896285234463448e+03,-1.325688701027263505e+02
-7.653939434255484002e+02,-1.424927747221157915e+03,-1.262001105590763075e+02
-8.943435568603814545e+02,-1.297475605360586542e+03,-3.804543981479756667e+02
-1.228126582056883080e+03,-1.245551632918629593e+03,-3.975495734521035729e+02
-1.046235964081917928e+03,-1.239417404028304190e+03,-4.138249266392947767e+00
-1.002463911095761546e+03,-1.760027632907807174e+03,-2.303509108888307733e+00
-1.029256009421327008e+03,-1.130297101497437097e+03,-2.510225956322559000e+02
-1.376292809124539644e+03,-1.763350313853759644e+03,-1.317703151530946570e+02
-9.013906842114863593e+02,-1.285556558259083204e+03,-2.329187174371439628e+00
-7.717744776571906868e+02,-1.499247252485434501e+03,-1.320780943869904149e+02
-1.084670919203293806e+03,-1.402288805325745898e+03,-1.275753267240495035e+02
-8.518273516439244304e+02,-1.199118209590134711e+03,-1.459146224957780680e+00
-8.494970435933832960e+02,-1.762070042646030970e+03,-1.263658645789552226e+00
-1.104352111680744201e+03,-1.300002193183986265e+03,-2.568505043655908366e+02
-1.370254886732861678e+03,-1.520667219023732514e+03,-1.285226902112118523e+02
-6.885322600128827162e+02,-1.763399528857474934e+03,-2.168180719157218217e+00
-8.860950260212197236e+02,-1.198722763959280201e+03,-1.260491106417589009e+02
-8.020633294737291408e+02,-1.324379677038536329e+03,-1.275172271702284519e+02
-1.195206353994717801e+03,-1.475764505114163967e+03,-8.894754231559622895e+02
-7.708563050629733198e+02,-1.075253495695397760e+03,-7.180758909345315715e+02
-8.774295098672467930e+02,-1.765440361662403348e+03,-1.109861205571631672e+03
-9.876402418738000506e+02,-1.327032165691331329e+03,-1.302347675807814369e+02
-1.324977059586655059e+03,-1.391129589208223479e+03,-1.222247017759987386e+02
-8.983428617603468638e+02,-1.067660942980718801e+03,-1.293030267281374108e+02
-8.196132828411298306e+02,-1.511026726424992148e+03,-2.568801215329652337e+02
-7.494463429933491625e+02,-1.213007007032535512e+03,-5.185908597432845681e+02
-1.093003510641300409e+03,-1.426874149744469833e+03,-4.992758111929272786e+02
-1.008261334048836147e+03,-1.460019371476384094e+03,-1.284657476843846950e+02
-1.004046647744647430e+03,-1.763361959492627875e+03,-2.502946521319059912e+02
-1.037654686042672665e+03,-1.321380361931087691e+03,-2.549458005578015900e+02
-1.071900192057719551e+03,-1.165846619799556493e+03,-2.736216201502894592e+02
-8.321387570908427733e+02,-1.349984897849128629e+03,-9.040651480945413141e+02
-1.362459820350255086e+03,-1.292260902065592745e+03,-2.554327701846090406e+02
-8.744432491954789839e+02,-1.772615685286982853e+03,-2.714199359900216564e+02
-7.664596964183074306e+02,-1.774488758028203165e+03,-1.228456835411804393e+00
-9.464089085388249032e+02,-1.109604763251171335e+03,-5.530448222198874646e+02
-7.720818335484603949e+02,-1.041276937896841218e+03,-2.788805997726892087e+02
